Away,AQ1,AQ2,AQ3,AQ4,AOT1,Away_Final,Home,HQ1,HQ2,HQ3,HQ4,HOT1,Home_Final,Date,Q1M,Q2M,Q3M,FinalMargin,FinalTotal,HomeMargin,Season,Week,Playoffs,AwayBye,HomeBye,Intraconference,Intradividion,TravelDist
Vikings,0,9,0,0,0,9,Saints,7,0,7,0,0,14,201001,7,-2,5,5,23,5,2010,1,0,0,0,1,0,1052
Chargers,7,0,7,0,0,14,Chiefs,7,14,0,0,0,21,201001,0,14,7,7,35,7,2010,1,0,0,0,1,1,1334
Ravens,0,7,3,0,0,10,Jets,3,3,0,3,0,9,201001,-3,1,4,1,19,-1,2010,1,0,0,0,1,0,169
Cowboys,0,0,7,0,0,7,Washington,3,7,0,3,0,13,201001,3,10,3,6,20,6,2010,1,0,0,0,1,1,1181
49ers,3,3,0,0,0,6,Seahawks,0,14,14,3,0,31,201001,-3,8,22,25,37,25,2010,1,0,0,0,1,1,679
Cardinals,0,10,0,7,0,17,Rams,0,10,3,0,0,13,201001,0,0,-3,4,30,-4,2010,1,0,0,0,1,1,1270
Colts,0,10,0,14,0,24,Texans,6,7,7,14,0,34,201001,6,3,10,10,58,10,2010,1,0,0,0,1,1,865
Broncos,0,7,7,3,0,17,Jaguars,0,7,10,7,0,24,201001,0,0,3,7,41,7,2010,1,0,0,0,1,0,1465
Packers,0,13,14,0,0,27,Eagles,3,0,7,10,0,20,201001,-3,10,17,7,47,-7,2010,1,0,0,0,1,0,728
Falcons,0,3,3,3,0,9,Steelers,3,0,3,3,6,15,201001,3,0,0,6,24,6,2010,1,0,0,0,0,0,521
Panthers,3,13,0,2,0,18,Giants,7,7,10,7,0,31,201001,4,-2,8,13,49,13,2010,1,0,0,0,1,0,531
Bengals,0,3,14,7,0,24,Patriots,10,14,7,7,0,38,201001,10,21,14,14,62,14,2010,1,0,0,0,1,0,732
Raiders,3,3,0,7,0,13,Titans,10,14,7,7,0,38,201001,7,18,25,25,51,25,2010,1,0,0,0,1,0,1950
Lions,7,7,0,0,0,14,Bears,3,10,0,6,0,19,201001,-4,-1,-1,5,33,5,2010,1,0,0,0,1,1,238
Dolphins,3,7,0,5,0,15,Bills,0,3,0,7,0,10,201001,3,7,7,5,25,-5,2010,1,0,0,0,1,1,1184
Browns,7,7,0,0,0,14,Buccaneers,3,7,0,7,0,17,201001,-4,-4,-4,3,31,3,2010,1,0,0,0,0,0,937
Seahawks,0,0,7,7,0,14,Broncos,7,10,7,7,0,31,201002,7,17,17,17,45,17,2010,2,0,0,0,0,0,1019
Saints,9,0,7,9,0,25,49ers,0,7,7,8,0,22,201002,9,2,2,3,47,-3,2010,2,0,0,0,1,0,1921
Giants,0,0,7,7,0,14,Colts,7,17,7,7,0,38,201002,7,24,24,24,52,24,2010,2,0,0,0,0,0,643
Texans,0,7,10,10,3,30,Washington,6,14,7,0,0,27,201002,-6,-13,-10,3,57,-3,2010,2,0,0,0,0,0,1217
Jaguars,3,3,0,7,0,13,Chargers,7,14,3,14,0,38,201002,4,15,18,25,51,25,2010,2,0,0,0,1,0,2087
Rams,0,7,0,7,0,14,Raiders,0,3,10,3,0,16,201002,0,-4,6,2,30,2,2010,2,0,0,0,0,0,1733
Buccaneers,7,7,3,3,0,20,Panthers,0,7,0,0,0,7,201002,7,7,10,13,27,-13,2010,2,0,0,0,1,1,511
Patriots,0,14,0,0,0,14,Jets,0,10,11,7,0,28,201002,0,-4,7,14,42,14,2010,2,0,0,0,1,1,181
Steelers,7,6,0,6,0,19,Titans,3,0,0,8,0,11,201002,4,10,10,8,30,-8,2010,2,0,0,0,1,0,471
Bills,0,7,0,0,0,7,Packers,13,0,14,7,0,34,201002,13,6,20,27,41,27,2010,2,0,0,0,0,0,470
Eagles,7,14,7,7,0,35,Lions,7,10,0,15,0,32,201002,0,4,11,3,67,-3,2010,2,0,0,0,1,0,441
Bears,10,10,0,7,0,27,Cowboys,7,7,3,3,0,20,201002,3,6,3,7,47,-7,2010,2,0,0,0,1,0,802
Chiefs,3,7,3,3,0,16,Browns,0,14,0,0,0,14,201002,3,-4,-1,2,30,-2,2010,2,0,0,0,1,0,698
Ravens,0,0,7,3,0,10,Bengals,0,6,3,6,0,15,201002,0,6,2,5,25,5,2010,2,0,0,0,1,1,419
Cardinals,0,7,0,0,0,7,Falcons,7,17,10,7,0,41,201002,7,17,27,34,48,34,2010,2,0,0,0,1,0,1588
Dolphins,7,0,7,0,0,14,Vikings,0,0,7,3,0,10,201002,7,7,7,4,24,-4,2010,2,0,0,0,0,0,1513
Packers,7,3,0,7,0,17,Bears,0,7,0,13,0,20,201003,-7,-3,-3,3,37,3,2010,3,0,0,0,1,1,185
Jets,7,7,7,10,0,31,Dolphins,0,10,10,3,0,23,201003,7,4,1,8,54,-8,2010,3,0,0,0,1,1,1091
Chargers,0,0,12,8,0,20,Seahawks,0,10,7,10,0,27,201003,0,10,5,7,47,7,2010,3,0,0,0,0,0,1063
Raiders,13,7,0,3,0,23,Cardinals,10,7,7,0,0,24,201003,-3,-3,4,1,47,1,2010,3,0,0,0,0,0,646
Colts,6,7,7,7,0,27,Broncos,0,3,10,0,0,13,201003,6,10,7,14,40,-14,2010,3,0,0,0,1,0,998
Eagles,7,7,14,0,0,28,Jaguars,0,3,0,0,0,3,201003,7,11,25,25,31,-25,2010,3,0,0,0,0,0,758
Washington,0,13,3,0,0,16,Rams,14,0,7,9,0,30,201003,14,1,5,14,46,14,2010,3,0,0,0,1,0,708
Cowboys,0,10,7,10,0,27,Texans,0,3,0,10,0,13,201003,0,7,14,14,40,-14,2010,3,0,0,0,0,0,225
Browns,3,7,0,7,0,17,Ravens,7,7,0,10,0,24,201003,4,4,4,7,41,7,2010,3,0,0,0,1,1,307
Steelers,7,21,3,7,0,38,Buccaneers,3,3,0,7,0,13,201003,4,22,25,25,51,-25,2010,3,0,0,0,0,0,874
Titans,3,7,9,10,0,29,Giants,0,10,0,0,0,10,201003,3,0,9,19,39,-19,2010,3,0,0,0,0,0,758
Falcons,7,7,3,7,3,27,Saints,14,0,7,3,0,24,201003,-7,0,-4,3,51,-3,2010,3,0,0,0,1,1,424
Bills,3,13,7,7,0,30,Patriots,7,10,14,7,0,38,201003,4,1,8,8,68,8,2010,3,0,0,0,1,1,404
Lions,7,3,0,0,0,10,Vikings,7,7,10,0,0,24,201003,0,4,14,14,34,14,2010,3,0,0,0,1,1,542
49ers,0,3,0,7,0,10,Chiefs,0,10,14,7,0,31,201003,0,7,21,21,41,21,2010,3,0,0,0,0,0,1503
Bengals,7,3,0,10,0,20,Panthers,0,0,7,0,0,7,201003,7,10,3,13,27,-13,2010,3,0,0,0,0,0,336
Texans,14,0,10,7,0,31,Raiders,7,7,0,10,0,24,201004,7,0,10,7,55,-7,2010,4,0,0,0,1,0,1635
Patriots,0,6,21,14,0,41,Dolphins,7,0,7,0,0,14,201004,-7,-1,13,27,55,-27,2010,4,0,0,0,1,1,1241
Bears,0,0,0,3,0,3,Giants,3,0,7,7,0,17,201004,3,3,10,14,20,14,2010,4,0,0,0,1,0,711
Cardinals,0,7,0,3,0,10,Chargers,7,21,10,3,0,41,201004,7,21,31,31,51,31,2010,4,0,0,0,0,0,298
Washington,14,3,0,0,0,17,Eagles,0,6,0,6,0,12,201004,14,11,11,5,29,-5,2010,4,0,0,0,1,1,123
Colts,7,7,0,14,0,28,Jaguars,7,7,7,10,0,31,201004,0,0,7,3,59,3,2010,4,0,0,0,1,1,699
Ravens,0,10,0,7,0,17,Steelers,7,0,0,7,0,14,201004,-7,3,3,3,31,-3,2010,4,0,0,0,1,1,196
49ers,14,0,0,0,0,14,Falcons,0,10,3,3,0,16,201004,-14,-4,-1,2,30,2,2010,4,0,0,0,1,0,2135
Seahawks,0,3,0,0,0,3,Rams,7,3,7,3,0,20,201004,7,7,14,17,23,17,2010,4,0,0,0,1,1,1720
Broncos,0,10,6,10,0,26,Titans,0,10,10,0,0,20,201004,0,0,-4,6,46,-6,2010,4,0,0,0,1,0,1019
Lions,0,14,6,6,0,26,Packers,7,14,7,0,0,28,201004,7,7,8,2,54,2,2010,4,0,0,0,1,1,291
Bengals,0,10,3,7,0,20,Browns,3,10,10,0,0,23,201004,3,3,10,3,43,3,2010,4,0,0,0,1,1,217
Jets,7,10,21,0,0,38,Bills,0,7,0,7,0,14,201004,7,10,31,24,52,-24,2010,4,0,0,0,1,1,292
Panthers,0,7,7,0,0,14,Saints,0,10,3,3,0,16,201004,0,3,-1,2,30,2,2010,4,0,0,0,1,1,648
Vikings,0,0,7,13,0,20,Jets,3,6,6,14,0,29,201005,3,9,8,9,49,9,2010,5,0,1,0,0,0,1016
Eagles,7,10,0,10,0,27,49ers,7,3,0,14,0,24,201005,0,7,7,3,51,-3,2010,5,0,0,0,1,0,2516
Chargers,0,17,7,3,0,27,Raiders,12,3,7,13,0,35,201005,12,-2,-2,8,62,8,2010,5,0,0,0,1,1,454
Titans,10,7,3,14,0,34,Cowboys,3,7,7,10,0,27,201005,7,7,3,7,61,-7,2010,5,0,0,1,0,0,616
Saints,10,3,0,7,0,20,Cardinals,0,10,3,17,0,30,201005,-10,-3,0,10,50,10,2010,5,0,0,0,1,0,1312
Giants,14,10,3,7,0,34,Texans,0,3,7,0,0,10,201005,14,21,17,24,44,-24,2010,5,0,0,0,0,0,1417
Broncos,0,7,0,10,0,17,Ravens,7,10,0,14,0,31,201005,7,10,10,14,48,14,2010,5,0,0,0,1,0,1506
Packers,7,3,3,0,0,13,Washington,0,3,0,10,3,16,201005,-7,-7,-10,3,29,3,2010,5,0,0,0,1,0,686
Chiefs,0,3,6,0,0,9,Colts,3,3,3,10,0,19,201005,3,3,0,10,28,10,2010,5,0,1,0,1,0,451
Rams,3,3,0,0,0,6,Lions,3,21,7,13,0,44,201005,0,18,25,38,50,38,2010,5,0,0,0,1,0,454
Falcons,0,6,7,7,0,20,Browns,0,7,3,0,0,10,201005,0,-1,3,10,30,-10,2010,5,0,0,0,0,0,555
Buccaneers,0,7,7,10,0,24,Bengals,7,3,3,8,0,21,201005,-7,-3,1,3,45,-3,2010,5,0,1,0,0,0,783
Jaguars,3,10,14,9,0,36,Bills,10,3,7,6,0,26,201005,-7,0,7,10,62,-10,2010,5,0,0,0,1,0,880
Bears,17,0,0,6,0,23,Panthers,3,0,3,0,0,6,201005,14,14,11,17,29,-17,2010,5,0,0,0,1,0,586
Chiefs,7,7,10,7,0,31,Texans,0,7,7,21,0,35,201006,-7,-7,-10,4,66,4,2010,6,0,0,0,1,0,646
Titans,7,10,3,10,0,30,Jaguars,0,0,3,0,0,3,201006,7,17,17,27,33,-27,2010,6,0,0,0,1,1,500
Colts,7,10,7,3,0,27,Washington,7,0,10,7,0,24,201006,0,10,7,3,51,-3,2010,6,0,0,0,0,0,490
Cowboys,7,7,0,7,0,21,Vikings,7,0,14,3,0,24,201006,0,-7,7,3,45,3,2010,6,0,0,0,1,0,863
Raiders,3,3,0,3,0,9,49ers,0,3,7,7,0,17,201006,-3,-3,4,8,26,8,2010,6,0,0,0,0,0,8
Jets,0,7,3,14,0,24,Broncos,0,10,7,3,0,20,201006,0,-3,-7,4,44,-4,2010,6,0,0,0,1,0,1627
Saints,7,10,7,7,0,31,Buccaneers,0,0,0,6,0,6,201006,7,17,24,25,37,-25,2010,6,0,0,0,1,1,480
Seahawks,7,7,2,7,0,23,Bears,7,6,0,7,0,20,201006,0,1,3,3,43,-3,2010,6,0,1,0,1,0,1732
Falcons,0,7,3,7,0,17,Eagles,14,7,7,3,0,31,201006,14,14,18,14,48,14,2010,6,0,0,0,1,0,665
Lions,7,3,0,10,0,20,Giants,7,7,7,7,0,28,201006,0,4,11,8,48,8,2010,6,0,0,0,1,0,480
Ravens,3,7,7,3,0,20,Patriots,7,0,3,10,3,23,201006,4,-3,-7,3,43,3,2010,6,0,0,1,1,0,350
Chargers,0,3,7,7,0,17,Rams,10,7,0,3,0,20,201006,10,14,7,3,37,3,2010,6,0,0,0,0,0,1561
Dolphins,7,3,3,7,3,23,Packers,10,0,0,10,0,20,201006,-3,0,3,3,43,-3,2010,6,0,1,0,0,0,1366
Browns,3,0,0,7,0,10,Steelers,0,7,7,14,0,28,201006,-3,4,11,18,38,18,2010,6,0,0,1,1,1,114
Bills,10,14,0,10,0,34,Ravens,3,17,14,0,3,37,201007,-7,-4,10,3,71,3,2010,7,0,1,0,1,0,275
Giants,7,17,14,3,0,41,Cowboys,10,10,0,15,0,35,201007,-3,4,18,6,76,-6,2010,7,0,0,0,1,1,1370
Vikings,7,10,7,0,0,24,Packers,7,7,14,0,0,28,201007,0,-3,4,4,52,4,2010,7,0,0,0,1,1,259
Patriots,7,6,7,3,0,23,Chargers,3,0,0,17,0,20,201007,4,10,17,3,43,-3,2010,7,0,0,0,1,0,2580
Raiders,24,14,21,0,0,59,Broncos,0,7,7,0,0,14,201007,24,31,45,45,73,-45,2010,7,0,0,0,1,1,939
Cardinals,0,0,7,3,0,10,Seahawks,3,7,9,3,0,22,201007,3,10,12,12,32,12,2010,7,0,1,0,1,1,1114
49ers,7,3,0,10,0,20,Panthers,3,7,3,10,0,23,201007,-4,0,3,3,43,3,2010,7,0,0,1,1,0,2296
Washington,7,3,7,0,0,17,Bears,7,7,0,0,0,14,201007,0,-4,3,3,31,-3,2010,7,0,0,0,1,0,594
Browns,10,10,0,10,0,30,Saints,0,3,0,14,0,17,201007,10,17,17,13,47,-13,2010,7,0,0,0,0,0,924
Steelers,0,17,3,3,0,23,Dolphins,6,10,3,3,0,22,201007,-6,1,1,1,45,-1,2010,7,0,0,0,1,0,1013
Jaguars,3,10,7,0,0,20,Chiefs,7,7,14,14,0,42,201007,4,1,8,22,62,22,2010,7,0,0,0,1,0,949
Eagles,0,13,3,3,0,19,Titans,0,7,3,27,0,37,201007,0,-6,-6,18,56,18,2010,7,0,0,0,0,0,683
Rams,0,17,0,0,0,17,Buccaneers,3,3,6,6,0,18,201007,3,-11,-5,1,35,1,2010,7,0,0,0,1,0,861
Bengals,3,0,22,7,0,32,Falcons,7,17,0,15,0,39,201007,4,21,-1,7,71,7,2010,7,0,1,0,0,0,374
Steelers,0,3,0,7,0,10,Saints,0,3,3,14,0,20,201008,0,0,3,10,30,10,2010,8,0,0,0,0,0,919
Buccaneers,7,17,7,7,0,38,Cardinals,7,7,14,7,0,35,201008,0,10,3,3,73,-3,2010,8,0,0,0,1,0,1793
Vikings,0,7,3,8,0,18,Patriots,0,7,14,7,0,28,201008,0,0,11,10,46,10,2010,8,0,0,0,0,0,1128
Seahawks,0,0,0,3,0,3,Raiders,3,7,3,20,0,33,201008,3,10,13,30,36,30,2010,8,0,0,0,0,0,677
Titans,5,14,0,6,0,25,Chargers,7,7,10,9,0,33,201008,2,-5,5,8,58,8,2010,8,0,0,0,1,0,1739
Broncos,0,0,7,9,0,16,49ers,3,0,0,21,0,24,201008,3,3,-4,8,40,8,2010,8,0,0,0,0,0,947
Texans,0,3,7,7,0,17,Colts,7,10,10,3,0,30,201008,7,14,17,13,47,13,2010,8,0,1,1,1,1,865
Panthers,0,3,0,7,0,10,Rams,0,10,0,10,0,20,201008,0,7,7,10,30,10,2010,8,0,0,0,1,0,567
Bills,0,0,3,7,0,10,Chiefs,0,7,0,3,3,13,201008,0,7,4,3,23,3,2010,8,0,0,0,1,0,858
Washington,0,13,0,12,0,25,Lions,0,7,7,23,0,37,201008,0,-6,1,12,62,12,2010,8,0,0,1,1,0,394
Jaguars,7,7,14,7,0,35,Cowboys,3,0,0,14,0,17,201008,4,11,25,18,52,-18,2010,8,0,0,0,0,0,906
Dolphins,3,9,3,7,0,22,Bengals,7,7,0,0,0,14,201008,-4,-2,1,8,36,-8,2010,8,0,0,0,1,0,957
Packers,3,0,0,6,0,9,Jets,0,0,0,0,0,0,201008,3,3,3,9,9,-9,2010,8,0,0,1,0,0,758
Steelers,10,10,0,7,0,27,Bengals,0,7,0,14,0,21,201009,10,13,13,6,48,-6,2010,9,0,0,0,1,1,252
Cowboys,0,7,0,0,0,7,Packers,0,28,7,10,0,45,201009,0,21,28,38,52,38,2010,9,0,0,0,1,0,937
Colts,0,17,0,7,0,24,Eagles,13,3,3,7,0,26,201009,13,-1,2,2,50,2,2010,9,0,0,1,0,0,582
Chiefs,0,10,3,7,0,20,Raiders,0,0,14,6,3,23,201009,0,-10,1,3,43,3,2010,9,0,0,0,1,1,1495
Giants,21,14,6,0,0,41,Seahawks,0,0,0,7,0,7,201009,21,35,41,34,48,-34,2010,9,0,1,0,1,0,2401
Chargers,14,0,7,8,0,29,Texans,10,10,3,0,0,23,201009,4,-6,-2,6,52,-6,2010,9,0,0,0,1,0,1301
Dolphins,7,3,0,0,0,10,Ravens,7,6,7,6,0,26,201009,0,3,10,16,36,16,2010,9,0,0,1,1,0,956
Cardinals,0,14,7,3,0,24,Vikings,0,10,0,14,3,27,201009,0,-4,-11,3,51,3,2010,9,0,0,0,1,0,1278
Jets,0,10,0,10,3,23,Lions,7,0,6,7,0,20,201009,-7,3,-3,3,43,-3,2010,9,0,0,0,0,0,480
Patriots,0,7,0,7,0,14,Browns,10,7,7,10,0,34,201009,10,10,17,20,48,20,2010,9,0,0,1,1,0,551
Bears,0,7,7,8,0,22,Bills,0,7,6,6,0,19,201009,0,0,1,3,41,-3,2010,9,0,1,0,0,0,453
Buccaneers,0,14,7,0,0,21,Falcons,7,10,10,0,0,27,201009,7,3,6,6,48,6,2010,9,0,0,1,1,1,416
Saints,7,10,10,7,0,34,Panthers,3,0,0,0,0,3,201009,4,14,24,31,37,-31,2010,9,0,0,0,1,1,648
Chiefs,0,10,7,12,0,29,Broncos,21,14,7,7,0,49,201010,21,25,25,20,78,20,2010,10,0,0,1,1,1,556
Patriots,10,0,13,16,0,39,Steelers,0,3,0,23,0,26,201010,10,7,20,13,65,-13,2010,10,0,0,0,1,0,479
Rams,3,7,7,3,0,20,49ers,7,3,0,10,3,23,201010,4,0,-7,3,43,3,2010,10,0,1,1,1,1,1741
Eagles,28,17,14,0,0,59,Washington,0,14,7,7,0,28,201010,28,31,38,31,87,-31,2010,10,0,0,1,1,1,123
Cowboys,6,13,14,0,0,33,Giants,3,3,14,0,0,20,201010,3,13,13,13,53,-13,2010,10,0,0,0,1,1,1370
Texans,3,0,14,7,0,24,Jaguars,3,14,0,14,0,31,201010,0,14,0,7,55,7,2010,10,0,0,1,1,1,820
Seahawks,7,10,9,10,0,36,Cardinals,7,3,0,8,0,18,201010,0,7,16,18,54,-18,2010,10,0,0,0,1,1,1114
Titans,10,0,7,0,0,17,Dolphins,7,3,10,9,0,29,201010,-3,0,3,12,46,12,2010,10,0,1,0,1,0,816
Bengals,0,10,0,7,0,17,Colts,10,10,0,3,0,23,201010,10,10,10,6,40,6,2010,10,0,0,0,1,0,99
Jets,3,14,0,3,6,26,Browns,10,3,0,7,0,20,201010,-7,4,4,6,46,-6,2010,10,0,0,0,1,0,403
Vikings,3,7,3,0,0,13,Bears,0,14,6,7,0,27,201010,-3,4,7,14,40,14,2010,10,0,0,0,1,1,355
Lions,0,3,0,9,0,12,Bills,0,7,7,0,0,14,201010,0,4,11,2,26,2,2010,10,0,0,0,0,0,215
Ravens,0,0,7,14,0,21,Falcons,0,10,3,13,0,26,201010,0,10,6,5,47,5,2010,10,0,0,0,0,0,576
Panthers,3,7,6,0,0,16,Buccaneers,7,14,0,10,0,31,201010,4,11,5,15,47,15,2010,10,0,0,0,1,1,511
Broncos,7,0,0,7,0,14,Chargers,7,14,7,7,0,35,201011,0,14,21,21,49,21,2010,11,0,0,1,1,1,832
Giants,0,3,7,7,0,17,Eagles,7,6,3,11,0,27,201011,7,10,6,10,44,10,2010,11,0,0,0,1,1,80
Colts,0,14,0,14,0,28,Patriots,7,14,7,3,0,31,201011,7,7,14,3,59,3,2010,11,0,0,0,1,0,805
Buccaneers,0,7,7,7,0,21,49ers,0,0,0,0,0,0,201011,0,7,14,21,21,-21,2010,11,0,0,0,1,0,2396
Seahawks,3,13,0,3,0,19,Saints,7,20,7,0,0,34,201011,4,11,18,15,53,15,2010,11,0,0,1,1,0,2098
Falcons,3,13,7,11,0,34,Rams,7,3,7,0,0,17,201011,-4,6,6,17,51,-17,2010,11,0,0,0,1,0,467
Browns,0,7,10,3,0,20,Jaguars,3,7,0,14,0,24,201011,3,3,-7,4,44,4,2010,11,0,0,0,1,0,771
Ravens,10,7,3,17,0,37,Panthers,0,3,3,7,0,13,201011,10,14,14,24,50,-24,2010,11,0,0,0,0,0,364
Texans,0,7,0,20,0,27,Jets,3,10,7,10,0,30,201011,3,6,13,3,57,3,2010,11,0,0,0,1,0,1417
Packers,0,17,7,7,0,31,Vikings,3,0,0,0,0,3,201011,-3,14,21,28,34,-28,2010,11,0,1,0,1,1,259
Cardinals,3,0,3,7,0,13,Chiefs,0,14,7,10,0,31,201011,-3,11,15,18,44,18,2010,11,0,0,0,0,0,1047
Washington,7,3,3,3,3,19,Titans,7,3,3,3,0,16,201011,0,0,0,3,35,-3,2010,11,0,0,0,0,0,566
Lions,0,10,9,0,0,19,Cowboys,7,0,14,14,0,35,201011,7,-3,2,16,54,16,2010,11,0,0,0,1,0,999
Bills,7,7,14,21,0,49,Bengals,7,24,0,0,0,31,201011,0,-17,-3,18,80,-18,2010,11,0,0,0,1,0,388
Bears,3,3,10,0,0,16,Dolphins,0,0,0,0,0,0,201011,3,6,16,16,16,-16,2010,11,0,0,0,0,0,1189
Raiders,3,0,0,0,0,3,Steelers,0,21,0,14,0,35,201011,-3,18,18,32,38,32,2010,11,0,1,0,1,0,2251
Dolphins,10,3,10,10,0,33,Raiders,7,7,0,3,0,17,201012,3,-1,9,16,50,-16,2010,12,0,0,0,1,0,2582
49ers,14,7,3,3,0,27,Cardinals,3,3,0,0,0,6,201012,11,15,18,21,33,-21,2010,12,0,0,0,1,1,652
Chargers,10,6,10,10,0,36,Colts,7,7,0,0,0,14,201012,3,2,12,22,50,-22,2010,12,0,0,0,1,0,1784
Buccaneers,0,3,0,7,0,10,Ravens,0,17,0,0,0,17,201012,0,14,14,7,27,7,2010,12,0,0,0,0,0,852
Rams,7,19,7,3,0,36,Broncos,10,3,0,20,0,33,201012,-3,13,20,3,69,-3,2010,12,0,0,0,0,0,794
Eagles,3,10,0,13,0,26,Bears,14,7,10,0,0,31,201012,11,8,18,5,57,5,2010,12,0,0,0,1,0,664
Chiefs,7,14,0,21,0,42,Seahawks,7,3,7,7,0,24,201012,0,11,4,18,66,-18,2010,12,0,0,0,0,0,1502
Titans,0,0,0,0,0,0,Texans,0,14,3,3,0,20,201012,0,14,17,20,20,20,2010,12,0,0,0,1,1,665
Patriots,3,7,14,21,0,45,Lions,7,10,7,0,0,24,201012,-4,-7,0,21,69,-21,2010,12,0,0,0,0,0,615
Jaguars,7,10,0,3,0,20,Giants,3,3,3,15,0,24,201012,-4,-11,-8,4,44,4,2010,12,0,0,0,0,0,835
Panthers,7,6,7,3,0,23,Browns,14,7,0,3,0,24,201012,7,8,1,1,47,1,2010,12,0,0,0,0,0,435
Steelers,7,6,0,3,3,19,Bills,0,0,7,9,0,16,201012,7,13,6,3,35,-3,2010,12,0,0,0,1,0,178
Packers,3,0,7,7,0,17,Falcons,3,7,0,10,0,20,201012,0,7,0,3,37,3,2010,12,0,0,0,1,0,768
Bengals,0,7,0,3,0,10,Jets,0,3,14,9,0,26,201012,0,-4,10,16,36,16,2010,12,0,0,0,1,0,563
Saints,17,3,3,7,0,30,Cowboys,0,6,14,7,0,27,201012,17,14,3,3,57,-3,2010,12,0,0,0,1,0,442
Vikings,7,0,10,0,0,17,Washington,7,0,0,6,0,13,201012,0,0,10,4,30,-4,2010,12,0,0,0,1,0,931
Raiders,14,7,0,7,0,28,Chargers,0,3,3,7,0,13,201013,14,18,15,15,41,-15,2010,13,0,0,0,1,1,454
Jets,0,3,0,0,0,3,Patriots,17,7,7,14,0,45,201013,17,21,28,42,48,42,2010,13,0,0,0,1,1,181
Steelers,0,0,3,10,0,13,Ravens,7,0,3,0,0,10,201013,-7,-7,-7,3,23,-3,2010,13,0,0,0,1,1,196
Falcons,7,7,0,14,0,28,Buccaneers,7,7,3,7,0,24,201013,0,0,-3,4,52,-4,2010,13,0,0,0,1,1,416
Panthers,7,7,0,0,0,14,Seahawks,0,3,21,7,0,31,201013,-7,-11,10,17,45,17,2010,13,0,0,0,1,0,2280
Rams,3,6,7,3,0,19,Cardinals,6,0,0,0,0,6,201013,-3,3,10,13,25,-13,2010,13,0,0,0,1,1,1270
Cowboys,10,7,10,8,3,38,Colts,0,7,7,21,0,35,201013,10,10,13,3,73,-3,2010,13,0,0,0,0,0,763
Washington,0,0,7,0,0,7,Giants,14,7,7,3,0,31,201013,14,21,21,24,38,24,2010,13,0,0,0,1,1,204
Broncos,0,3,0,3,0,6,Chiefs,7,3,0,0,0,10,201013,7,7,7,4,16,4,2010,13,0,0,0,1,1,556
Browns,0,3,7,3,0,13,Dolphins,0,3,0,7,0,10,201013,0,0,7,3,23,-3,2010,13,0,0,0,1,0,1089
Bills,7,0,0,7,0,14,Vikings,7,24,0,7,0,38,201013,0,24,24,24,52,24,2010,13,0,0,0,0,0,729
Jaguars,7,10,0,0,0,17,Titans,0,0,3,3,0,6,201013,7,17,14,11,23,-11,2010,13,0,0,0,1,1,500
49ers,3,10,3,0,0,16,Packers,0,14,14,6,0,34,201013,-3,1,12,18,50,18,2010,13,0,0,0,1,0,1834
Bears,7,7,3,7,0,24,Lions,7,10,3,0,0,20,201013,0,-3,-3,4,44,-4,2010,13,0,0,0,1,1,238
Saints,3,10,7,14,0,34,Bengals,0,6,6,18,0,30,201013,3,7,8,4,64,-4,2010,13,0,0,0,0,0,711
Texans,3,7,14,0,0,24,Eagles,7,13,0,14,0,34,201013,4,10,-4,10,58,10,2010,13,0,0,0,0,0,1339
Ravens,7,14,7,0,6,34,Texans,0,7,6,15,0,28,201014,7,14,15,6,62,-6,2010,14,0,0,0,1,0,1250
Giants,0,14,7,0,0,21,Vikings,3,0,0,0,0,3,201014,-3,11,18,18,24,-18,2010,14,0,0,0,1,0,1016
Eagles,7,7,3,13,0,30,Cowboys,7,3,10,7,0,27,201014,0,4,-3,3,57,-3,2010,14,0,0,0,1,1,1297
Chiefs,0,0,0,0,0,0,Chargers,7,14,0,10,0,31,201014,7,21,21,31,31,31,2010,14,0,0,0,1,1,1334
Broncos,3,0,0,10,0,13,Cardinals,3,13,3,24,0,43,201014,0,13,16,30,56,30,2010,14,0,0,0,0,0,585
Dolphins,10,0,0,0,0,10,Jets,0,3,0,3,0,6,201014,10,7,7,4,16,-4,2010,14,0,0,0,1,1,1091
Patriots,7,26,3,0,0,36,Bears,0,0,7,0,0,7,201014,7,33,29,29,43,-29,2010,14,0,0,0,0,0,853
Seahawks,7,0,7,7,0,21,49ers,10,20,10,0,0,40,201014,3,23,26,19,61,19,2010,14,0,0,0,1,1,679
Raiders,7,10,7,7,0,31,Jaguars,0,7,21,10,0,38,201014,-7,-10,4,7,69,7,2010,14,0,0,0,1,0,2361
Falcons,14,3,7,7,0,31,Panthers,0,0,7,3,0,10,201014,14,17,17,21,41,-21,2010,14,0,0,0,1,1,226
Buccaneers,0,3,6,8,0,17,Washington,0,10,0,6,0,16,201014,0,-7,-1,1,33,-1,2010,14,0,0,0,1,0,818
Bengals,7,0,0,0,0,7,Steelers,0,10,3,10,0,23,201014,-7,3,6,16,30,16,2010,14,0,0,0,1,1,252
Packers,0,0,3,0,0,3,Lions,0,0,0,7,0,7,201014,0,0,-3,4,10,4,2010,14,0,0,0,1,1,291
Browns,3,3,0,0,0,6,Bills,0,10,0,3,0,13,201014,-3,4,4,7,19,7,2010,14,0,0,0,1,0,173
Colts,7,14,3,6,0,30,Titans,0,7,7,14,0,28,201014,7,14,10,2,58,-2,2010,14,0,0,0,1,1,251
Rams,0,6,0,7,0,13,Saints,14,7,7,3,0,31,201014,14,15,22,18,44,18,2010,14,0,0,0,1,0,599
Cardinals,0,3,0,9,0,12,Panthers,6,7,6,0,0,19,201015,6,10,16,7,31,7,2010,15,0,0,0,1,0,1778
Bears,10,7,20,3,0,40,Vikings,7,0,7,0,0,14,201015,3,10,23,26,54,-26,2010,15,0,0,0,1,1,355
Packers,3,14,7,3,0,27,Patriots,7,7,7,10,0,31,201015,4,-3,-3,4,58,4,2010,15,0,0,0,0,0,869
Jets,7,3,7,5,0,22,Steelers,0,10,7,0,0,17,201015,7,0,0,5,39,-5,2010,15,0,0,0,1,0,314
Broncos,14,3,3,3,0,23,Raiders,14,3,6,16,0,39,201015,0,0,3,16,62,16,2010,15,0,0,0,1,1,939
Falcons,0,17,17,0,0,34,Seahawks,7,3,0,8,0,18,201015,-7,7,24,16,52,-16,2010,15,0,0,0,1,0,2178
Saints,7,7,3,7,0,24,Ravens,7,14,3,6,0,30,201015,0,7,7,6,54,6,2010,15,0,0,0,0,0,999
Lions,7,3,7,3,3,23,Buccaneers,0,14,0,6,0,20,201015,7,-4,3,3,43,-3,2010,15,0,0,0,1,0,994
49ers,0,0,0,7,0,7,Chargers,7,10,7,10,0,34,201015,7,17,24,27,41,27,2010,15,0,0,0,0,0,458
Bills,0,10,7,0,0,17,Dolphins,0,7,0,7,0,14,201015,0,3,10,3,31,-3,2010,15,0,0,0,1,1,1184
Chiefs,0,14,3,10,0,27,Rams,6,0,0,7,0,13,201015,-6,8,11,14,40,-14,2010,15,0,0,0,0,0,237
Jaguars,0,10,7,7,0,24,Colts,7,7,10,10,0,34,201015,7,4,7,10,58,10,2010,15,0,0,0,1,1,699
Texans,0,3,7,7,0,17,Titans,21,3,7,0,0,31,201015,21,21,21,14,48,14,2010,15,0,0,0,1,1,665
Washington,0,7,7,16,0,30,Cowboys,10,10,10,3,0,33,201015,10,13,16,3,63,3,2010,15,0,0,0,1,1,1181
Browns,7,0,0,10,0,17,Bengals,0,10,6,3,0,19,201015,-7,3,9,2,36,2,2010,15,0,0,0,1,1,217
Eagles,0,3,7,28,0,38,Giants,7,17,0,7,0,31,201015,-7,-21,-14,7,69,-7,2010,15,0,0,0,1,1,80
Chargers,0,3,7,10,0,20,Bengals,7,6,0,21,0,34,201016,7,10,3,14,54,14,2010,16,0,0,0,1,0,1871
Saints,3,7,0,7,0,17,Falcons,0,7,0,7,0,14,201016,3,3,3,3,31,-3,2010,16,0,0,0,1,1,424
Seahawks,7,0,0,8,0,15,Buccaneers,3,14,14,7,0,38,201016,-4,10,24,23,53,23,2010,16,0,0,0,1,0,2526
Giants,0,14,3,0,0,17,Packers,14,7,10,14,0,45,201016,14,7,14,28,62,28,2010,16,0,0,0,1,0,758
Colts,7,10,7,7,0,31,Raiders,7,6,3,10,0,26,201016,0,4,8,5,57,-5,2010,16,0,0,0,1,0,1936
Texans,7,10,6,0,0,23,Broncos,0,0,10,14,0,24,201016,-7,-17,-13,1,47,1,2010,16,0,0,0,1,0,878
Vikings,0,7,10,7,0,24,Eagles,7,0,0,7,0,14,201016,-7,0,10,10,38,-10,2010,16,0,0,0,1,0,983
Washington,10,0,0,7,3,20,Jaguars,0,7,3,7,0,17,201016,10,3,0,3,37,-3,2010,16,0,0,0,0,0,647
Titans,0,7,7,0,0,14,Chiefs,14,17,3,0,0,34,201016,14,24,20,20,48,20,2010,16,0,0,0,1,0,471
49ers,0,14,0,3,0,17,Rams,9,3,3,10,0,25,201016,9,-2,1,8,42,8,2010,16,0,0,0,1,1,1741
Ravens,0,13,7,0,0,20,Browns,7,3,0,0,0,10,201016,-7,3,10,10,30,-10,2010,16,0,0,0,1,1,307
Jets,0,24,7,3,0,34,Bears,10,7,21,0,0,38,201016,10,-7,7,4,72,4,2010,16,0,0,0,0,0,711
Patriots,7,17,7,3,0,34,Bills,3,0,0,0,0,3,201016,4,21,28,31,37,-31,2010,16,0,0,0,1,1,404
Cowboys,0,10,10,6,0,26,Cardinals,14,7,0,6,0,27,201016,14,11,1,1,53,1,2010,16,0,0,0,1,0,884
Panthers,0,0,0,3,0,3,Steelers,3,17,7,0,0,27,201016,3,20,27,24,30,24,2010,16,0,0,0,0,0,363
Lions,3,7,7,17,0,34,Dolphins,3,14,7,3,0,27,201016,0,-7,-7,7,61,-7,2010,16,0,0,0,0,0,1155
Rams,0,3,3,0,0,6,Seahawks,7,0,3,6,0,16,201017,7,4,4,10,22,10,2010,17,0,0,0,1,1,1720
Jaguars,0,17,0,0,0,17,Texans,10,10,7,7,0,34,201017,10,3,10,17,51,17,2010,17,0,0,0,1,1,820
Cardinals,0,7,0,0,0,7,49ers,7,3,21,7,0,38,201017,7,3,24,31,45,31,2010,17,0,0,0,1,1,652
Cowboys,0,7,0,7,0,14,Eagles,0,7,0,6,0,13,201017,0,0,0,1,27,-1,2010,17,0,0,0,1,1,1297
Titans,3,3,14,0,0,20,Colts,3,10,7,3,0,23,201017,0,7,0,3,43,3,2010,17,0,0,0,1,1,251
Bears,0,3,0,0,0,3,Packers,0,0,3,7,0,10,201017,0,-3,0,7,13,7,2010,17,0,0,0,1,1,185
Chargers,0,16,10,7,0,33,Broncos,7,0,7,14,0,28,201017,-7,9,12,5,61,-5,2010,17,0,0,0,1,1,832
Giants,3,7,7,0,0,17,Washington,0,7,0,7,0,14,201017,3,3,10,3,31,-3,2010,17,0,0,0,1,1,204
Bills,0,0,7,0,0,7,Jets,3,14,7,14,0,38,201017,3,17,17,31,45,31,2010,17,0,0,0,1,1,292
Buccaneers,3,7,10,3,0,23,Saints,7,0,3,3,0,13,201017,-4,3,10,10,36,-10,2010,17,0,0,0,1,1,480
Dolphins,0,0,0,7,0,7,Patriots,14,10,14,0,0,38,201017,14,24,38,31,45,31,2010,17,0,0,0,1,1,1241
Raiders,0,10,7,14,0,31,Chiefs,3,0,7,0,0,10,201017,-3,7,7,21,41,-21,2010,17,0,0,0,1,1,1495
Vikings,0,0,7,6,0,13,Lions,0,10,3,7,0,20,201017,0,10,6,7,33,7,2010,17,0,0,0,1,1,542
Steelers,14,17,7,3,0,41,Browns,0,3,0,6,0,9,201017,14,28,35,32,50,-32,2010,17,0,0,0,1,1,114
Panthers,0,0,3,7,0,10,Falcons,14,7,10,0,0,31,201017,14,21,28,21,41,21,2010,17,0,0,0,1,1,226
Bengals,0,0,0,7,0,7,Ravens,3,3,7,0,0,13,201017,3,6,13,6,20,6,2010,17,0,0,0,1,1,419
Saints,10,10,0,16,0,36,Seahawks,7,17,10,7,0,41,201018,-3,4,14,5,77,5,2010,18,1,0,0,1,0,2098
Jets,0,0,7,10,0,17,Colts,0,7,3,6,0,16,201018,0,-7,-3,1,33,-1,2010,18,1,0,0,1,0,643
Ravens,3,7,13,7,0,30,Chiefs,7,0,0,0,0,7,201018,-4,3,16,23,37,-23,2010,18,1,0,0,1,0,960
Packers,7,7,7,0,0,21,Eagles,0,3,7,6,0,16,201018,7,11,11,5,37,-5,2010,18,1,0,0,1,0,728
Jets,0,14,0,14,0,28,Patriots,3,0,8,10,0,21,201019,-3,11,3,7,49,-7,2010,19,1,0,1,1,1,181
Seahawks,0,0,3,21,0,24,Bears,14,7,7,7,0,35,201019,14,21,25,11,59,11,2010,19,1,0,1,1,0,1732
Packers,0,28,14,6,0,48,Falcons,7,7,0,7,0,21,201019,-7,14,28,27,69,-27,2010,19,1,0,1,1,0,768
Ravens,14,7,0,3,0,24,Steelers,7,0,14,10,0,31,201019,-7,-14,0,7,55,7,2010,19,1,0,1,1,1,196
Packers,7,7,0,7,0,21,Bears,0,0,0,14,0,14,201020,7,14,14,7,35,-7,2010,20,1,0,0,1,1,185
Jets,0,3,7,9,0,19,Steelers,7,17,0,0,0,24,201020,7,21,14,5,43,5,2010,20,1,0,0,1,0,314
Steelers,0,10,7,8,0,25,Packers,14,7,0,10,0,31,201022,14,11,4,6,56,6,2010,22,1,1,1,0,0,496
Raiders,0,16,0,7,0,23,Broncos,3,0,10,7,0,20,201101,-3,13,3,3,43,-3,2011,1,0,0,0,1,1,939
Patriots,7,7,14,10,0,38,Dolphins,7,0,10,7,0,24,201101,0,7,11,14,62,-14,2011,1,0,0,0,1,1,1241
Cowboys,7,3,7,7,0,24,Jets,0,7,3,17,0,27,201101,-7,-3,-7,3,51,3,2011,1,0,0,0,0,0,1370
Giants,7,7,0,0,0,14,Washington,0,14,7,7,0,28,201101,-7,0,7,14,42,14,2011,1,0,0,0,1,1,204
Seahawks,0,0,7,10,0,17,49ers,0,16,0,17,0,33,201101,0,16,9,16,50,16,2011,1,0,0,0,1,1,679
Vikings,7,10,0,0,0,17,Chargers,7,0,7,10,0,24,201101,0,-10,-3,7,41,7,2011,1,0,0,0,0,0,1530
Panthers,7,7,7,0,0,21,Cardinals,7,0,7,14,0,28,201101,0,-7,-7,7,49,7,2011,1,0,0,0,1,0,1778
Colts,0,0,0,7,0,7,Texans,17,17,0,0,0,34,201101,17,34,34,27,41,27,2011,1,0,0,0,1,1,865
Titans,0,0,7,7,0,14,Jaguars,7,3,3,3,0,16,201101,7,10,6,2,30,2,2011,1,0,0,0,1,1,500
Lions,6,14,7,0,0,27,Buccaneers,10,3,0,7,0,20,201101,-4,7,14,7,47,-7,2011,1,0,0,0,1,0,994
Eagles,14,3,7,7,0,31,Rams,7,3,3,0,0,13,201101,7,7,11,18,44,-18,2011,1,0,0,0,1,0,808
Bills,14,6,14,7,0,41,Chiefs,0,7,0,0,0,7,201101,14,13,27,34,48,-34,2011,1,0,0,0,1,0,858
Bengals,10,3,0,14,0,27,Browns,0,14,3,0,0,17,201101,10,-1,-4,10,44,-10,2011,1,0,0,0,1,1,217
Falcons,3,0,3,6,0,12,Bears,10,6,14,0,0,30,201101,7,13,24,18,42,18,2011,1,0,0,0,1,0,587
Saints,7,10,10,7,0,34,Packers,21,7,7,7,0,42,201101,14,11,8,8,76,8,2011,1,0,0,0,1,0,1012
Steelers,0,7,0,0,0,7,Ravens,14,7,11,3,0,35,201101,14,14,25,28,42,28,2011,1,0,0,0,1,1,196
Rams,6,0,10,0,0,16,Giants,7,14,7,0,0,28,201102,1,15,12,12,44,12,2011,2,0,0,0,1,0,871
Eagles,0,10,21,0,0,31,Falcons,7,7,7,14,0,35,201102,7,4,-10,4,66,4,2011,2,0,0,0,1,0,665
Chargers,7,0,0,14,0,21,Patriots,7,13,0,15,0,35,201102,0,13,13,14,56,14,2011,2,0,0,0,1,0,2580
Texans,6,10,0,7,0,23,Dolphins,3,0,7,3,0,13,201102,3,13,6,10,36,-10,2011,2,0,0,0,1,0,966
Bengals,0,3,12,7,0,22,Broncos,7,3,7,7,0,24,201102,7,7,2,2,46,2,2011,2,0,0,0,1,0,1093
Cowboys,0,7,7,10,3,27,49ers,0,14,7,3,0,24,201102,0,-7,-7,3,51,-3,2011,2,0,0,0,1,0,1480
Packers,0,7,16,7,0,30,Panthers,10,3,0,10,0,23,201102,-10,-6,10,7,53,-7,2011,2,0,0,0,1,0,745
Cardinals,7,0,7,7,0,21,Washington,0,10,0,12,0,22,201102,-7,3,-4,1,43,1,2011,2,0,0,0,1,0,1977
Jaguars,3,0,0,0,0,3,Jets,9,6,14,3,0,32,201102,6,12,26,29,35,29,2011,2,0,0,0,1,0,835
Bears,7,3,3,0,0,13,Saints,3,13,7,7,0,30,201102,-4,6,10,17,43,17,2011,2,0,0,0,1,0,832
Buccaneers,0,0,10,14,0,24,Vikings,7,10,0,3,0,20,201102,-7,-17,-7,4,44,-4,2011,2,0,0,0,1,0,1318
Browns,0,14,0,13,0,27,Colts,3,6,3,7,0,19,201102,-3,5,2,8,46,-8,2011,2,0,0,0,1,0,262
Ravens,0,10,0,3,0,13,Titans,0,10,10,6,0,26,201102,0,0,10,13,39,13,2011,2,0,0,0,1,0,595
Chiefs,3,0,0,0,0,3,Lions,7,13,7,21,0,48,201102,4,17,24,45,51,45,2011,2,0,0,0,0,0,643
Raiders,0,21,0,14,0,35,Bills,0,3,14,21,0,38,201102,0,-18,-4,3,73,3,2011,2,0,0,0,1,0,2286
Seahawks,0,0,0,0,0,0,Steelers,7,10,7,0,0,24,201102,7,17,24,24,24,24,2011,2,0,0,0,0,0,2132
Ravens,21,6,3,7,0,37,Rams,0,0,7,0,0,7,201103,21,27,23,30,44,-30,2011,3,0,0,0,0,0,730
Washington,6,3,7,0,0,16,Cowboys,3,6,3,6,0,18,201103,-3,0,-4,2,34,2,2011,3,0,0,0,1,1,1181
Steelers,10,0,0,13,0,23,Colts,0,13,0,7,0,20,201103,10,-3,-3,3,43,-3,2011,3,0,0,0,1,0,328
Falcons,0,3,0,10,0,13,Buccaneers,3,10,3,0,0,16,201103,3,10,13,3,29,3,2011,3,0,0,0,1,1,416
Cardinals,0,10,0,0,0,10,Seahawks,3,3,7,0,0,13,201103,3,-4,3,3,23,3,2011,3,0,0,0,1,1,1114
Packers,7,10,3,7,0,27,Bears,0,10,0,7,0,17,201103,7,7,10,10,44,-10,2011,3,0,0,0,1,1,185
Chiefs,0,0,7,10,0,17,Chargers,0,10,7,3,0,20,201103,0,10,10,3,37,3,2011,3,0,0,0,1,1,1334
Jets,7,10,0,7,0,24,Raiders,7,10,7,10,0,34,201103,0,0,7,10,58,10,2011,3,0,0,0,1,0,2557
Patriots,14,7,3,7,0,31,Bills,0,10,7,17,0,34,201103,-14,-11,-7,3,65,3,2011,3,0,0,0,1,1,404
Giants,14,0,0,15,0,29,Eagles,0,13,3,0,0,16,201103,14,1,-2,13,45,-13,2011,3,0,0,0,1,1,80
Texans,10,6,3,14,0,33,Saints,0,10,7,23,0,40,201103,-10,-6,-2,7,73,7,2011,3,0,0,0,0,0,317
Lions,0,0,10,13,3,26,Vikings,6,14,0,3,0,23,201103,-6,-20,-10,3,49,-3,2011,3,0,0,0,1,1,542
Broncos,7,0,7,0,0,14,Titans,0,10,0,7,0,17,201103,-7,3,-4,3,31,3,2011,3,0,0,0,1,0,1019
Dolphins,7,3,3,3,0,16,Browns,0,7,3,7,0,17,201103,-7,-3,-3,1,33,1,2011,3,0,0,0,1,0,1089
49ers,0,0,3,10,0,13,Bengals,3,0,0,5,0,8,201103,-3,-3,0,5,21,-5,2011,3,0,0,0,0,0,2040
Jaguars,0,10,0,0,0,10,Panthers,2,3,3,8,0,16,201103,2,-5,-2,6,26,6,2011,3,0,0,0,0,0,341
Giants,0,10,0,21,0,31,Cardinals,3,3,14,7,0,27,201104,-3,4,-10,4,58,-4,2011,4,0,0,0,1,0,2139
Jets,7,10,0,0,0,17,Ravens,17,10,7,0,0,34,201104,10,10,17,17,51,17,2011,4,0,0,0,1,0,169
Dolphins,7,3,3,3,0,16,Chargers,7,6,10,3,0,26,201104,0,3,10,10,42,10,2011,4,0,0,0,1,0,2267
Patriots,7,10,7,7,0,31,Raiders,3,7,3,6,0,19,201104,4,7,11,12,50,-12,2011,4,0,0,0,1,0,2690
Broncos,3,14,0,6,0,23,Packers,14,14,14,7,0,49,201104,11,11,25,26,72,26,2011,4,0,0,0,0,0,927
Colts,3,7,7,0,0,17,Buccaneers,0,7,10,7,0,24,201104,-3,-3,0,7,41,7,2011,4,0,0,0,0,0,843
Falcons,7,17,3,3,0,30,Seahawks,0,7,14,7,0,28,201104,7,17,6,2,58,-2,2011,4,0,0,0,1,0,2178
Steelers,0,0,7,3,0,10,Texans,7,3,0,7,0,17,201104,7,10,3,7,27,7,2011,4,0,0,0,1,0,1136
Vikings,7,0,3,7,0,17,Chiefs,3,6,6,7,0,22,201104,-4,2,5,5,39,5,2011,4,0,0,0,0,0,411
49ers,0,3,14,7,0,24,Eagles,7,13,3,0,0,23,201104,-7,-17,-6,1,47,-1,2011,4,0,0,0,1,0,2516
Washington,7,7,3,0,0,17,Rams,0,0,0,10,0,10,201104,7,14,17,7,27,-7,2011,4,0,0,0,1,0,708
Lions,0,3,14,17,0,34,Cowboys,7,13,10,0,0,30,201104,-7,-17,-13,4,64,-4,2011,4,0,0,0,1,0,999
Titans,7,14,10,0,0,31,Browns,3,3,0,7,0,13,201104,4,15,25,18,44,-18,2011,4,0,0,0,1,0,458
Bills,0,17,0,3,0,20,Bengals,3,0,10,10,0,23,201104,3,-14,-4,3,43,3,2011,4,0,0,0,1,0,388
Panthers,3,17,0,9,0,29,Bears,10,14,0,10,0,34,201104,7,4,4,5,63,5,2011,4,0,0,0,1,0,586
Saints,7,7,6,3,0,23,Jaguars,0,10,0,0,0,10,201104,7,4,10,13,33,-13,2011,4,0,0,0,0,0,503
Packers,0,6,9,10,0,25,Falcons,7,7,0,0,0,14,201105,-7,-8,1,11,39,-11,2011,5,0,0,0,1,0,768
Jets,0,7,7,7,0,21,Patriots,7,3,14,6,0,30,201105,7,3,10,9,51,9,2011,5,0,0,0,1,1,181
Chargers,6,17,0,6,0,29,Broncos,7,3,0,14,0,24,201105,-1,13,13,5,53,-5,2011,5,0,0,0,1,1,832
Buccaneers,3,0,0,0,0,3,49ers,7,17,10,14,0,48,201105,4,21,31,45,51,45,2011,5,0,0,0,1,0,2396
Raiders,3,9,3,10,0,25,Texans,7,7,3,3,0,20,201105,-4,-2,-2,5,45,-5,2011,5,0,0,0,1,0,1635
Bengals,7,6,0,17,0,30,Jaguars,7,6,0,7,0,20,201105,0,0,0,10,50,-10,2011,5,0,0,0,1,0,630
Bears,0,10,0,3,0,13,Lions,0,7,14,3,0,24,201105,0,-3,11,11,37,11,2011,5,0,0,0,1,1,238
Titans,3,0,7,7,0,17,Steelers,7,14,7,10,0,38,201105,4,18,18,21,55,21,2011,5,0,0,0,1,0,471
Seahawks,14,0,2,20,0,36,Giants,7,7,0,11,0,25,201105,7,0,2,11,61,-11,2011,5,0,0,0,1,0,2401
Cardinals,0,3,7,0,0,10,Vikings,28,0,3,3,0,34,201105,28,25,21,24,44,24,2011,5,0,0,0,1,0,1278
Chiefs,0,14,7,7,0,28,Colts,7,17,0,0,0,24,201105,-7,-10,-3,4,52,-4,2011,5,0,0,0,1,0,451
Eagles,0,7,7,10,0,24,Bills,7,14,10,0,0,31,201105,7,14,17,7,55,7,2011,5,0,0,0,0,0,279
Saints,10,10,3,7,0,30,Panthers,6,7,7,7,0,27,201105,4,7,3,3,57,-3,2011,5,0,0,0,1,1,648
Dolphins,3,3,0,0,0,6,Jets,7,7,3,7,0,24,201106,4,8,11,18,30,18,2011,6,0,1,0,1,1,1091
Vikings,0,3,7,0,0,10,Bears,16,10,10,3,0,39,201106,16,23,26,29,49,29,2011,6,0,0,0,1,1,355
Saints,7,3,3,7,0,20,Buccaneers,3,17,3,3,0,26,201106,-4,10,10,6,46,6,2011,6,0,0,0,1,1,480
Cowboys,3,7,3,3,0,16,Patriots,3,10,0,7,0,20,201106,0,3,0,4,36,4,2011,6,0,1,0,0,0,1545
Texans,0,7,7,0,0,14,Ravens,7,3,6,13,0,29,201106,7,3,2,15,43,15,2011,6,0,0,1,1,0,1250
Browns,0,7,0,10,0,17,Raiders,7,7,10,0,0,24,201106,7,7,17,7,41,7,2011,6,0,1,0,1,0,2153
Eagles,7,13,0,0,0,20,Washington,0,3,3,7,0,13,201106,7,17,14,7,33,-7,2011,6,0,0,1,1,1,123
Bills,14,3,0,7,0,24,Giants,7,10,7,3,0,27,201106,-7,0,7,3,51,3,2011,6,0,0,0,0,0,292
Rams,0,3,0,0,0,3,Packers,3,21,0,0,0,24,201106,3,21,21,21,27,21,2011,6,0,1,0,1,0,422
49ers,0,12,3,10,0,25,Lions,10,0,3,6,0,19,201106,-10,2,2,6,44,-6,2011,6,0,0,0,1,0,2087
Colts,0,7,0,10,0,17,Bengals,7,3,10,7,0,27,201106,7,3,13,10,44,10,2011,6,0,0,0,1,0,99
Panthers,3,7,7,0,0,17,Falcons,7,7,0,17,0,31,201106,4,4,-3,14,48,14,2011,6,0,0,0,1,1,226
Jaguars,0,3,7,3,0,13,Steelers,7,10,0,0,0,17,201106,7,14,7,4,30,4,2011,6,0,0,0,1,0,704
Chiefs,14,0,7,7,0,28,Raiders,0,0,0,0,0,0,201107,14,14,21,28,28,-28,2011,7,0,1,0,1,1,1495
Ravens,0,0,0,7,0,7,Jaguars,3,3,3,3,0,12,201107,3,6,9,5,19,5,2011,7,0,0,0,1,0,681
Colts,0,7,0,0,0,7,Saints,21,13,14,14,0,62,201107,21,27,41,55,69,55,2011,7,0,0,0,0,0,713
Packers,7,6,20,0,0,33,Vikings,7,10,0,10,0,27,201107,0,-4,16,6,60,-6,2011,7,0,0,0,1,1,259
Steelers,7,10,9,6,0,32,Cardinals,0,7,7,6,0,20,201107,7,10,12,12,52,-12,2011,7,0,0,1,0,0,1824
Washington,0,6,7,7,0,20,Panthers,3,6,14,10,0,33,201107,3,3,10,13,53,13,2011,7,0,0,0,1,0,329
Rams,0,7,0,0,0,7,Cowboys,7,10,3,14,0,34,201107,7,10,13,27,41,27,2011,7,0,0,0,1,0,547
Chargers,7,14,0,0,0,21,Jets,3,7,7,10,0,27,201107,-4,-11,-4,6,48,6,2011,7,0,1,0,1,0,2427
Broncos,0,0,0,15,3,18,Dolphins,0,6,0,9,0,15,201107,0,-6,-6,3,33,-3,2011,7,0,1,0,1,0,1724
Bears,7,7,7,3,0,24,Buccaneers,2,3,0,13,0,18,201107,5,9,16,6,42,-6,2011,7,0,0,0,1,0,1004
Texans,3,17,7,14,0,41,Titans,0,0,7,0,0,7,201107,3,20,20,34,48,-34,2011,7,0,0,1,1,1,665
Falcons,10,7,3,3,0,23,Lions,3,3,10,0,0,16,201107,7,11,4,7,39,-7,2011,7,0,0,0,1,0,597
Seahawks,0,0,3,0,0,3,Browns,0,3,0,3,0,6,201107,0,3,0,3,9,3,2011,7,0,1,0,0,0,2020
Chargers,0,3,9,8,0,20,Chiefs,10,3,0,7,3,23,201108,10,10,1,3,43,3,2011,8,0,0,0,1,1,1334
Cowboys,0,0,0,7,0,7,Eagles,14,10,3,7,0,34,201108,14,24,27,27,41,27,2011,8,0,0,1,1,1,1297
Bengals,10,7,0,17,0,34,Seahawks,0,3,3,6,0,12,201108,10,14,11,22,46,-22,2011,8,0,1,0,0,0,1967
Browns,0,3,0,7,0,10,49ers,10,7,0,3,0,20,201108,10,14,14,10,30,10,2011,8,0,0,1,0,0,2161
Patriots,0,10,0,7,0,17,Steelers,7,10,3,5,0,25,201108,7,7,10,8,42,8,2011,8,0,1,0,1,0,479
Lions,7,17,14,7,0,45,Broncos,3,0,0,7,0,10,201108,4,21,35,35,55,-35,2011,8,0,0,0,0,0,1154
Washington,0,0,0,0,0,0,Bills,7,6,7,3,0,23,201108,7,13,20,23,23,23,2011,8,0,0,1,0,0,292
Jaguars,0,7,0,7,0,14,Texans,7,0,7,10,0,24,201108,7,0,7,10,38,10,2011,8,0,0,0,1,1,820
Cardinals,3,21,0,3,0,27,Ravens,0,6,14,10,0,30,201108,-3,-18,-4,3,57,3,2011,8,0,0,0,0,0,2000
Vikings,7,7,7,3,0,24,Panthers,0,14,7,0,0,21,201108,7,0,0,3,45,-3,2011,8,0,0,0,1,0,938
Dolphins,7,7,3,0,0,17,Giants,3,7,0,10,0,20,201108,-4,-4,-7,3,37,3,2011,8,0,0,1,0,0,1091
Saints,0,0,7,14,0,21,Rams,0,17,7,7,0,31,201108,0,17,17,10,52,10,2011,8,0,0,0,1,0,599
Colts,0,0,3,7,0,10,Titans,3,17,0,7,0,27,201108,3,20,17,17,37,17,2011,8,0,0,0,1,1,251
Bears,7,10,3,10,0,30,Eagles,0,10,14,0,0,24,201109,7,7,-4,6,54,-6,2011,9,0,1,0,1,0,664
Ravens,3,6,7,7,0,23,Steelers,0,6,0,14,0,20,201109,3,3,10,3,43,-3,2011,9,0,0,0,1,1,196
Packers,21,7,3,14,0,45,Chargers,7,10,7,14,0,38,201109,14,11,7,7,83,-7,2011,9,0,1,0,0,0,1758
Rams,3,6,4,0,0,13,Cardinals,3,0,3,7,6,19,201109,0,-6,-7,6,32,6,2011,9,0,0,0,1,1,1270
Giants,0,0,10,14,0,24,Patriots,0,0,3,17,0,20,201109,0,0,7,4,44,-4,2011,9,0,0,0,0,0,181
Broncos,7,0,17,14,0,38,Raiders,3,14,7,0,0,24,201109,4,-10,0,14,62,-14,2011,9,0,0,1,1,1,939
Bengals,0,7,7,10,0,24,Titans,3,14,0,0,0,17,201109,-3,-10,-3,7,41,-7,2011,9,0,0,0,1,0,243
Jets,0,3,17,7,0,27,Bills,0,0,3,8,0,11,201109,0,3,17,16,38,-16,2011,9,0,1,0,1,1,292
49ers,0,13,3,3,0,19,Washington,0,3,0,8,0,11,201109,0,10,13,8,30,-8,2011,9,0,0,0,1,0,2435
Buccaneers,0,3,3,10,0,16,Saints,7,10,7,3,0,27,201109,7,14,18,11,43,11,2011,9,0,1,0,1,1,480
Dolphins,7,7,14,3,0,31,Chiefs,3,0,0,0,0,3,201109,4,11,25,28,34,-28,2011,9,0,0,0,1,0,1242
Falcons,14,7,7,3,0,31,Colts,0,7,0,0,0,7,201109,14,14,21,24,38,-24,2011,9,0,1,0,0,0,427
Seahawks,3,3,0,7,0,13,Cowboys,3,3,7,10,0,23,201109,0,0,7,10,36,10,2011,9,0,0,0,1,0,1679
Browns,3,0,3,6,0,12,Texans,14,10,3,3,0,30,201109,11,21,21,18,42,18,2011,9,0,0,0,1,0,1113
Titans,14,3,3,10,0,30,Panthers,0,0,3,0,0,3,201110,14,17,17,27,33,-27,2011,10,0,0,1,0,0,339
Vikings,0,0,7,0,0,7,Packers,14,3,14,14,0,45,201110,14,17,24,38,52,38,2011,10,0,1,0,1,1,259
Patriots,6,7,10,14,0,37,Jets,0,9,0,7,0,16,201110,6,4,14,21,53,-21,2011,10,0,0,0,1,1,181
Giants,3,3,7,7,0,20,49ers,3,6,3,15,0,27,201110,0,3,-1,7,47,7,2011,10,0,0,0,1,0,2565
Lions,0,6,0,7,0,13,Bears,10,10,17,0,0,37,201110,10,14,31,24,50,24,2011,10,0,1,0,1,1,238
Ravens,0,7,3,7,0,17,Seahawks,10,9,3,0,0,22,201110,10,12,12,5,39,5,2011,10,0,0,0,0,0,2328
Cardinals,0,7,0,14,0,21,Eagles,0,14,0,3,0,17,201110,0,-7,-7,4,38,-4,2011,10,0,0,0,1,0,2078
Texans,9,7,14,7,0,37,Buccaneers,0,3,0,6,0,9,201110,9,13,27,28,46,-28,2011,10,0,0,0,0,0,790
Broncos,7,3,0,7,0,17,Chiefs,0,0,7,3,0,10,201110,7,10,3,7,27,-7,2011,10,0,0,0,1,1,556
Washington,3,3,3,0,0,9,Dolphins,7,3,3,7,0,20,201110,4,4,4,11,29,11,2011,10,0,0,0,0,0,924
Jaguars,3,0,7,7,0,17,Colts,0,3,0,0,0,3,201110,3,0,7,14,20,-14,2011,10,0,1,0,1,1,699
Bills,0,7,0,0,0,7,Cowboys,14,14,6,10,0,44,201110,14,21,27,37,51,37,2011,10,0,0,0,0,0,1197
Rams,0,10,0,3,0,13,Browns,3,6,3,0,0,12,201110,-3,1,-2,1,25,-1,2011,10,0,0,0,0,0,491
Steelers,14,3,7,0,0,24,Bengals,7,3,7,0,0,17,201110,7,7,7,7,41,-7,2011,10,0,0,0,1,1,252
Saints,3,7,7,6,3,26,Falcons,3,3,7,10,0,23,201110,0,4,4,3,49,-3,2011,10,0,0,0,1,1,424
Raiders,7,10,7,0,0,24,Chargers,3,0,14,0,0,17,201110,4,14,7,7,41,-7,2011,10,0,0,0,1,1,454
Chiefs,3,0,0,0,0,3,Patriots,0,10,17,7,0,34,201111,-3,7,24,31,37,31,2011,11,0,0,0,1,0,1249
Eagles,0,10,0,7,0,17,Giants,0,3,0,7,0,10,201111,0,7,7,7,27,-7,2011,11,0,0,0,1,1,80
Chargers,3,7,7,3,0,20,Bears,3,14,14,0,0,31,201111,0,7,14,11,51,11,2011,11,0,0,0,0,0,1729
Titans,0,3,7,7,0,17,Falcons,7,6,10,0,0,23,201111,7,10,13,6,40,6,2011,11,0,0,0,0,0,215
Cardinals,0,0,0,7,0,7,49ers,6,3,14,0,0,23,201111,6,9,23,16,30,16,2011,11,0,0,0,1,1,652
Seahawks,0,10,7,7,0,24,Rams,7,0,0,0,0,7,201111,-7,3,10,17,31,-17,2011,11,0,0,0,1,1,1720
Bengals,7,0,7,10,0,24,Ravens,0,14,10,7,0,31,201111,-7,7,10,7,55,7,2011,11,0,0,0,1,1,419
Cowboys,7,3,0,14,3,27,Washington,0,14,3,7,0,24,201111,7,-4,-7,3,51,-3,2011,11,0,0,0,1,1,1181
Raiders,3,21,3,0,0,27,Vikings,7,0,0,14,0,21,201111,-4,17,20,6,48,-6,2011,11,0,0,0,0,0,1573
Bills,3,3,0,2,0,8,Dolphins,14,14,7,0,0,35,201111,11,22,29,27,43,27,2011,11,0,0,0,1,1,1184
Buccaneers,0,10,3,13,0,26,Packers,7,14,0,14,0,35,201111,7,11,8,9,61,9,2011,11,0,0,0,1,0,1185
Panthers,10,17,0,8,0,35,Lions,0,14,14,21,0,49,201111,-10,-13,1,14,84,14,2011,11,0,0,0,1,0,504
Jaguars,0,7,0,3,0,10,Browns,0,7,0,7,0,14,201111,0,0,0,4,24,4,2011,11,0,0,0,1,0,771
Jets,0,3,7,3,0,13,Broncos,3,0,7,7,0,17,201111,3,0,0,4,30,4,2011,11,0,0,0,1,0,1627
Giants,0,3,7,14,0,24,Saints,0,21,14,14,0,49,201112,0,18,25,25,73,25,2011,12,0,0,1,1,0,1168
Steelers,0,13,0,0,0,13,Chiefs,3,3,0,3,0,9,201112,-3,7,7,4,22,-4,2011,12,0,1,0,1,0,779
Broncos,0,7,3,3,3,16,Chargers,3,7,3,0,0,13,201112,-3,-3,-3,3,29,-3,2011,12,0,0,0,1,1,832
Patriots,7,17,7,7,0,38,Eagles,10,3,0,7,0,20,201112,-3,11,18,18,58,-18,2011,12,0,0,0,0,0,261
Washington,7,0,0,16,0,23,Seahawks,0,7,3,7,0,17,201112,7,0,-3,6,40,-6,2011,12,0,0,0,1,0,2322
Bears,0,7,0,13,0,20,Raiders,6,6,6,7,0,25,201112,6,5,11,5,45,5,2011,12,0,0,0,0,0,1845
Texans,7,13,0,0,0,20,Jaguars,7,3,0,3,0,13,201112,0,10,10,7,33,-7,2011,12,0,1,0,1,1,820
Bills,7,7,7,3,0,24,Jets,0,14,7,7,0,28,201112,-7,0,0,4,52,4,2011,12,0,0,0,1,1,292
Packers,0,7,17,3,0,27,Lions,0,0,0,15,0,15,201112,0,7,24,12,42,-12,2011,12,0,0,0,1,1,291
Panthers,3,7,7,10,0,27,Colts,0,10,3,6,0,19,201112,3,0,4,8,46,-8,2011,12,0,0,1,0,0,428
Buccaneers,3,7,7,0,0,17,Titans,7,3,0,13,0,23,201112,4,0,-7,6,40,6,2011,12,0,0,0,0,0,621
Browns,7,10,3,0,0,20,Bengals,7,0,10,6,0,23,201112,0,-10,-3,3,43,3,2011,12,0,0,0,1,1,217
Vikings,0,0,7,7,0,14,Falcons,7,10,0,7,0,24,201112,7,17,10,10,38,10,2011,12,0,0,0,1,0,908
49ers,3,0,3,0,0,6,Ravens,3,3,0,10,0,16,201112,0,3,0,10,22,10,2011,12,0,0,0,0,0,2451
Dolphins,3,3,10,3,0,19,Cowboys,0,10,0,10,0,20,201112,-3,4,-6,1,39,1,2011,12,0,0,0,0,0,1110
Cardinals,3,0,17,3,0,23,Rams,7,3,0,10,0,20,201112,-4,-7,10,3,43,-3,2011,12,0,0,0,1,1,1270
Ravens,0,10,7,7,0,24,Browns,0,0,3,7,0,10,201113,0,10,14,14,34,-14,2011,13,0,0,0,1,1,307
Chargers,10,14,7,7,0,38,Jaguars,0,14,0,0,0,14,201113,10,10,17,24,52,-24,2011,13,0,0,0,1,0,2087
Lions,0,7,10,0,0,17,Saints,3,21,0,7,0,31,201113,3,17,7,14,48,14,2011,13,0,0,0,1,0,939
Rams,0,0,0,0,0,0,49ers,3,6,10,7,0,26,201113,3,9,19,26,26,26,2011,13,0,0,0,1,1,1741
Cowboys,0,10,3,0,0,13,Cardinals,3,0,3,7,6,19,201113,3,-7,-7,6,32,6,2011,13,0,0,0,1,0,884
Packers,7,14,7,10,0,38,Giants,10,7,7,11,0,35,201113,-3,4,4,3,73,-3,2011,13,0,0,0,1,0,758
Jets,7,3,3,21,0,34,Washington,7,6,0,6,0,19,201113,0,-3,0,15,53,-15,2011,13,0,0,0,0,0,204
Falcons,0,3,7,0,0,10,Texans,3,7,0,7,0,17,201113,3,7,0,7,27,7,2011,13,0,0,0,0,0,700
Bengals,0,7,0,0,0,7,Steelers,0,28,7,0,0,35,201113,0,21,28,28,42,28,2011,13,0,0,0,1,1,252
Panthers,14,10,7,7,0,38,Buccaneers,3,9,0,7,0,19,201113,11,12,19,19,57,-19,2011,13,0,0,0,1,1,511
Colts,0,3,0,21,0,24,Patriots,3,14,14,0,0,31,201113,3,14,28,7,55,7,2011,13,0,0,0,1,0,805
Broncos,7,0,14,14,0,35,Vikings,5,10,7,10,0,32,201113,2,-8,-1,3,67,-3,2011,13,0,0,0,0,0,698
Raiders,0,0,0,14,0,14,Dolphins,6,7,21,0,0,34,201113,6,13,34,20,48,20,2011,13,0,0,0,1,0,2582
Chiefs,0,7,3,0,0,10,Bears,0,3,0,0,0,3,201113,0,4,7,7,13,-7,2011,13,0,0,0,0,0,410
Titans,10,7,3,3,0,23,Bills,7,3,0,7,0,17,201113,3,7,10,6,40,-6,2011,13,0,0,0,1,0,626
Eagles,0,7,0,7,0,14,Seahawks,7,10,7,7,0,31,201113,7,10,17,17,45,17,2011,13,0,0,0,1,0,2373
Giants,5,10,7,15,0,37,Cowboys,7,10,3,14,0,34,201114,-2,-2,2,3,71,-3,2011,14,0,0,0,1,1,1370
Bills,0,0,10,0,0,10,Chargers,7,9,14,7,0,37,201114,7,16,20,27,47,27,2011,14,0,0,0,1,0,2183
Raiders,0,0,7,9,0,16,Packers,14,17,12,3,0,46,201114,14,31,36,30,62,30,2011,14,0,0,0,0,0,1826
49ers,3,9,7,0,0,19,Cardinals,0,7,7,7,0,21,201114,-3,-5,-5,2,40,2,2011,14,0,0,0,1,1,652
Bears,0,0,7,3,0,10,Broncos,0,0,0,10,3,13,201114,0,0,-7,3,23,3,2011,14,0,0,0,0,0,916
Colts,0,3,0,7,0,10,Ravens,10,7,7,0,0,24,201114,10,14,21,14,34,14,2011,14,0,0,0,1,0,509
Buccaneers,7,7,0,0,0,14,Jaguars,0,28,0,13,0,41,201114,-7,14,14,27,55,27,2011,14,0,0,0,0,0,171
Rams,0,3,3,7,0,13,Seahawks,10,0,10,10,0,30,201114,10,7,14,17,43,17,2011,14,0,0,0,1,1,1720
Patriots,14,6,14,0,0,34,Washington,10,10,7,0,0,27,201114,4,0,7,7,61,-7,2011,14,0,0,0,0,0,385
Chiefs,3,0,0,7,0,10,Jets,7,21,7,2,0,37,201114,4,25,32,27,47,27,2011,14,0,0,0,1,0,1093
Eagles,0,24,0,2,0,26,Dolphins,7,0,3,0,0,10,201114,-7,17,14,16,36,-16,2011,14,0,0,0,0,0,1021
Saints,3,3,3,13,0,22,Titans,0,3,7,7,0,17,201114,3,3,-1,5,39,-5,2011,14,0,0,0,0,0,469
Vikings,7,7,7,7,0,28,Lions,21,10,0,3,0,34,201114,14,17,10,6,62,6,2011,14,0,0,0,1,1,542
Texans,3,0,7,10,0,20,Bengals,6,10,3,0,0,19,201114,-3,-13,-9,1,39,-1,2011,14,0,0,0,1,0,897
Browns,3,0,0,0,0,3,Steelers,7,0,0,7,0,14,201114,4,4,4,11,17,11,2011,14,0,0,0,1,1,114
Falcons,7,0,10,14,0,31,Panthers,7,16,0,0,0,23,201114,0,-16,-6,8,54,-8,2011,14,0,0,0,1,1,226
Steelers,0,0,3,0,0,3,49ers,3,3,7,7,0,20,201115,3,6,10,17,23,17,2011,15,0,0,0,0,0,2260
Ravens,0,7,0,7,0,14,Chargers,7,10,14,3,0,34,201115,7,10,24,20,48,20,2011,15,0,0,0,1,0,2291
Browns,7,3,7,0,0,17,Cardinals,0,7,0,10,3,20,201115,-7,-3,-10,3,37,3,2011,15,0,0,0,0,0,1745
Jets,0,13,0,6,0,19,Eagles,14,14,10,7,0,45,201115,14,15,25,26,64,26,2011,15,0,0,0,0,0,80
Patriots,7,20,7,7,0,41,Broncos,13,3,0,7,0,23,201115,-6,11,18,18,64,-18,2011,15,0,0,0,1,0,1769
Lions,7,7,0,14,0,28,Raiders,7,10,0,10,0,27,201115,0,-3,-3,1,55,-1,2011,15,0,0,0,0,0,2078
Panthers,7,14,0,7,0,28,Texans,0,0,6,7,0,13,201115,7,21,15,15,41,-15,2011,15,0,0,0,0,0,925
Washington,3,14,3,3,0,23,Giants,0,3,0,7,0,10,201115,3,14,17,13,33,-13,2011,15,0,0,0,1,1,204
Saints,7,14,14,7,0,42,Vikings,3,10,0,7,0,20,201115,4,8,22,22,62,-22,2011,15,0,0,0,1,0,1052
Packers,0,0,7,7,0,14,Chiefs,6,0,3,10,0,19,201115,6,6,2,5,33,5,2011,15,0,0,0,0,0,503
Titans,0,6,0,7,0,13,Colts,3,0,14,10,0,27,201115,3,-3,11,14,40,14,2011,15,0,0,0,1,1,251
Seahawks,7,0,17,14,0,38,Bears,7,7,0,0,0,14,201115,0,-7,10,24,52,-24,2011,15,0,0,0,1,0,1732
Dolphins,0,13,7,10,0,30,Bills,7,0,0,16,0,23,201115,-7,6,13,7,53,-7,2011,15,0,0,0,1,1,1184
Cowboys,14,14,3,0,0,31,Buccaneers,0,0,15,0,0,15,201115,14,28,16,16,46,-16,2011,15,0,0,0,1,0,916
Jaguars,0,0,7,7,0,14,Falcons,10,17,14,0,0,41,201115,10,27,34,27,55,27,2011,15,0,0,0,0,0,285
Bengals,3,0,10,7,0,20,Rams,0,6,0,7,0,13,201115,3,-3,7,7,33,-7,2011,15,0,0,0,0,0,310
Buccaneers,0,10,0,6,0,16,Panthers,10,10,21,7,0,48,201116,10,10,31,32,64,32,2011,16,0,0,0,1,1,511
Bears,0,3,7,11,0,21,Packers,7,7,14,7,0,35,201116,7,11,18,14,56,14,2011,16,0,0,0,1,1,185
49ers,0,3,10,6,0,19,Seahawks,7,3,0,7,0,17,201116,-7,-7,3,2,36,-2,2011,16,0,0,0,1,1,679
Eagles,7,7,3,3,0,20,Cowboys,0,0,0,7,0,7,201116,7,14,17,13,27,-13,2011,16,0,0,0,1,1,1297
Chargers,0,0,10,0,0,10,Lions,10,14,7,7,0,38,201116,10,24,21,28,48,28,2011,16,0,0,0,0,0,1968
Falcons,10,0,3,3,0,16,Saints,7,14,10,14,0,45,201116,-3,11,18,29,61,29,2011,16,0,0,0,1,1,424
Browns,0,0,7,7,0,14,Ravens,10,7,3,0,0,20,201116,10,17,13,6,34,6,2011,16,0,0,0,1,1,307
Vikings,3,7,13,10,0,33,Washington,0,10,10,6,0,26,201116,3,0,3,7,59,-7,2011,16,0,0,0,1,0,931
Raiders,3,0,7,3,3,16,Chiefs,3,0,3,7,0,13,201116,0,0,4,3,29,-3,2011,16,0,0,0,1,1,1495
Giants,0,10,7,12,0,29,Jets,7,0,0,7,0,14,201116,-7,3,10,15,43,-15,2011,16,0,0,0,0,0,0
Dolphins,3,14,0,7,0,24,Patriots,0,0,17,10,0,27,201116,-3,-17,0,3,51,3,2011,16,0,0,0,1,1,1241
Jaguars,7,3,0,7,0,17,Titans,10,7,3,3,0,23,201116,3,7,10,6,40,6,2011,16,0,0,0,1,1,500
Cardinals,0,0,0,16,0,16,Bengals,10,10,3,0,0,23,201116,10,20,23,7,39,7,2011,16,0,0,0,0,0,1580
Broncos,7,0,7,0,0,14,Bills,0,17,6,17,0,40,201116,-7,10,9,26,54,26,2011,16,0,0,0,1,0,1366
Texans,10,0,3,3,0,16,Colts,3,3,3,10,0,19,201116,-7,-4,-4,3,35,3,2011,16,0,0,0,1,1,865
Rams,0,0,0,0,0,0,Steelers,3,7,3,14,0,27,201116,3,10,13,27,27,27,2011,16,0,0,0,0,0,557
Cowboys,0,0,7,7,0,14,Giants,7,14,0,10,0,31,201117,7,21,14,17,45,17,2011,17,0,0,0,1,1,1370
Seahawks,0,3,7,10,0,20,Cardinals,7,3,7,3,3,23,201117,7,7,7,3,43,3,2011,17,0,0,0,1,1,1114
Chiefs,7,0,0,0,0,7,Broncos,0,0,3,0,0,3,201117,7,7,4,4,10,-4,2011,17,0,0,0,1,1,556
Steelers,0,3,10,0,0,13,Browns,0,6,3,0,0,9,201117,0,-3,4,4,22,-4,2011,17,0,0,0,1,1,114
Ravens,10,7,0,7,0,24,Bengals,3,0,7,6,0,16,201117,7,14,7,8,40,-8,2011,17,0,0,0,1,1,419
Buccaneers,0,7,11,6,0,24,Falcons,21,21,0,3,0,45,201117,21,35,24,21,69,21,2011,17,0,0,0,1,1,416
Titans,0,13,3,7,0,23,Texans,7,3,3,9,0,22,201117,-7,3,3,1,45,-1,2011,17,0,0,0,1,1,665
Chargers,7,17,7,7,0,38,Raiders,7,6,6,7,0,26,201117,0,11,12,12,64,-12,2011,17,0,0,0,1,1,454
Washington,0,0,7,3,0,10,Eagles,3,7,3,21,0,34,201117,3,10,6,24,44,24,2011,17,0,0,0,1,1,123
Panthers,7,10,0,0,0,17,Saints,14,10,14,7,0,45,201117,7,7,21,28,62,28,2011,17,0,0,0,1,1,648
Bills,21,0,0,0,0,21,Patriots,0,14,14,21,0,49,201117,-21,-7,7,28,70,28,2011,17,0,0,0,1,1,404
Bears,0,14,0,3,0,17,Vikings,10,3,0,0,0,13,201117,-10,1,1,4,30,-4,2011,17,0,0,0,1,1,355
Jets,7,3,0,7,0,17,Dolphins,3,3,0,13,0,19,201117,-4,-4,-4,2,36,2,2011,17,0,0,0,1,1,1091
49ers,7,13,7,7,0,34,Rams,7,0,3,17,0,27,201117,0,13,17,7,61,-7,2011,17,0,0,0,1,1,1741
Lions,9,10,15,7,0,41,Packers,10,14,7,14,0,45,201117,1,5,-3,4,86,4,2011,17,0,0,0,1,1,291
Colts,0,3,3,7,0,13,Jaguars,7,3,6,3,0,19,201117,7,7,10,6,32,6,2011,17,0,0,0,1,1,699
Bengals,7,3,0,0,0,10,Texans,7,10,7,7,0,31,201118,0,7,14,21,41,21,2011,18,1,0,0,1,0,897
Lions,7,7,7,7,0,28,Saints,0,10,14,21,0,45,201118,-7,-4,3,17,73,17,2011,18,1,0,0,1,0,939
Falcons,0,2,0,0,0,2,Giants,0,7,10,7,0,24,201118,0,5,15,22,26,22,2011,18,1,0,0,1,0,745
Steelers,6,0,7,10,0,23,Broncos,0,20,0,3,6,29,201118,-6,14,7,6,52,6,2011,18,1,0,0,1,0,1317
Giants,10,10,0,17,0,37,Packers,3,7,3,7,0,20,201119,7,10,7,17,57,-17,2011,19,1,0,1,1,0,758
Texans,3,10,0,0,0,13,Ravens,17,0,0,3,0,20,201119,14,4,4,7,33,7,2011,19,1,0,1,1,0,1250
Saints,0,14,0,18,0,32,49ers,14,3,3,16,0,36,201119,14,3,6,4,68,4,2011,19,1,0,1,1,0,1921
Broncos,0,7,3,0,0,10,Patriots,14,21,7,3,0,45,201119,14,28,32,35,55,35,2011,19,1,0,1,1,0,1769
Ravens,0,10,10,0,0,20,Patriots,3,10,3,7,0,23,201120,3,3,-4,3,43,3,2011,20,1,0,0,1,0,350
Giants,0,10,0,7,3,20,49ers,7,0,7,3,0,17,201120,-7,3,-4,3,37,-3,2011,20,1,0,0,1,0,2565
Giants,9,0,6,6,0,21,Patriots,0,10,7,0,0,17,201122,9,-1,-2,4,38,-4,2011,22,1,1,1,0,0,181
Dolphins,3,0,7,0,0,10,Texans,0,24,3,3,0,30,201201,-3,21,17,20,40,20,2012,1,0,0,0,1,0,966
Chargers,3,7,6,6,0,22,Raiders,3,3,0,8,0,14,201201,0,4,10,8,36,-8,2012,1,0,0,0,1,1,454
Steelers,0,10,3,6,0,19,Broncos,0,7,7,17,0,31,201201,0,-3,1,12,50,12,2012,1,0,0,0,1,0,1317
Panthers,0,0,7,3,0,10,Buccaneers,10,3,0,3,0,16,201201,10,13,6,6,26,6,2012,1,0,0,0,1,1,511
Seahawks,3,0,10,3,0,16,Cardinals,3,7,3,7,0,20,201201,0,7,0,4,36,4,2012,1,0,0,0,1,1,1114
49ers,3,13,7,7,0,30,Packers,0,7,0,15,0,22,201201,3,9,16,8,52,-8,2012,1,0,0,0,1,0,1834
Bills,0,7,7,14,0,28,Jets,7,20,14,7,0,48,201201,7,20,27,20,76,20,2012,1,0,0,0,1,1,292
Bengals,0,10,3,0,0,13,Ravens,10,7,17,10,0,44,201201,10,7,21,31,57,31,2012,1,0,0,0,1,1,419
Jaguars,3,6,3,11,0,23,Vikings,0,7,7,9,3,26,201201,-3,-2,2,3,49,3,2012,1,0,0,0,0,0,1192
Falcons,10,10,14,6,0,40,Chiefs,3,14,0,7,0,24,201201,7,3,17,16,64,-16,2012,1,0,0,0,0,0,675
Patriots,7,14,7,6,0,34,Titans,3,0,7,3,0,13,201201,4,18,18,21,47,-21,2012,1,0,0,0,1,0,936
Rams,3,10,0,10,0,23,Lions,0,10,3,14,0,27,201201,-3,-3,0,4,50,4,2012,1,0,0,0,1,0,454
Eagles,0,10,0,7,0,17,Browns,3,0,3,10,0,16,201201,-3,7,4,1,33,-1,2012,1,0,0,0,0,0,358
Colts,7,7,0,7,0,21,Bears,7,17,10,7,0,41,201201,0,10,20,20,62,20,2012,1,0,0,0,0,0,163
Cowboys,0,7,10,7,0,24,Giants,0,3,7,7,0,17,201201,0,4,7,7,41,-7,2012,1,0,0,0,1,1,1370
Washington,10,10,10,10,0,40,Saints,7,7,3,15,0,32,201201,3,6,13,8,72,-8,2012,1,0,0,0,1,0,964
Lions,6,0,3,10,0,19,49ers,7,7,3,10,0,27,201202,1,8,8,8,46,8,2012,2,0,0,0,1,0,2087
Titans,0,3,7,0,0,10,Chargers,14,3,7,14,0,38,201202,14,14,14,28,48,28,2012,2,0,0,0,1,0,1739
Jets,7,3,0,0,0,10,Steelers,3,10,7,7,0,27,201202,-4,3,10,17,37,17,2012,2,0,0,0,1,0,314
Cowboys,0,7,0,0,0,7,Seahawks,10,3,7,7,0,27,201202,10,6,13,20,34,20,2012,2,0,0,0,1,0,1679
Washington,14,7,7,0,0,28,Rams,3,13,7,8,0,31,201202,-11,-5,-5,3,59,3,2012,2,0,0,0,1,0,708
Texans,10,7,7,3,0,27,Jaguars,0,0,7,0,0,7,201202,10,17,17,20,34,-20,2012,2,0,0,0,1,1,820
Saints,10,3,0,14,0,27,Panthers,7,14,7,7,0,35,201202,-3,8,15,8,62,8,2012,2,0,0,0,1,1,648
Broncos,0,7,0,14,0,21,Falcons,10,10,7,0,0,27,201202,10,13,20,6,48,6,2012,2,0,0,0,0,0,1209
Buccaneers,3,21,3,7,0,34,Giants,6,7,3,25,0,41,201202,3,-11,-11,7,75,7,2012,2,0,0,0,1,0,1004
Cardinals,6,0,7,7,0,20,Patriots,3,3,3,9,0,18,201202,3,0,4,2,38,-2,2012,2,0,0,0,0,0,2296
Raiders,7,3,0,3,0,13,Dolphins,7,0,14,14,0,35,201202,0,-3,11,22,48,22,2012,2,0,0,0,1,0,2582
Vikings,3,3,0,14,0,20,Colts,7,10,3,3,0,23,201202,4,11,14,3,43,3,2012,2,0,0,0,0,0,510
Browns,3,7,7,10,0,27,Bengals,7,10,7,10,0,34,201202,4,7,7,7,61,7,2012,2,0,0,0,1,1,217
Chiefs,0,0,3,14,0,17,Bills,7,14,14,0,0,35,201202,7,21,32,18,52,18,2012,2,0,0,0,1,0,858
Bears,0,0,3,7,0,10,Packers,0,13,0,10,0,23,201202,0,13,10,13,33,13,2012,2,0,0,0,1,1,185
Ravens,7,10,0,6,0,23,Eagles,7,0,10,7,0,24,201202,0,-10,0,1,47,1,2012,2,0,0,0,0,0,89
Packers,0,0,6,6,0,12,Seahawks,0,7,0,7,0,14,201203,0,7,1,2,26,2,2012,3,0,0,0,1,0,1645
Patriots,13,7,7,3,0,30,Ravens,0,14,7,10,0,31,201203,-13,-6,-6,1,61,1,2012,3,0,0,0,1,0,350
Steelers,14,3,14,0,0,31,Raiders,7,7,7,13,0,34,201203,-7,-3,-10,3,65,3,2012,3,0,0,0,1,0,2251
Texans,7,14,10,0,0,31,Broncos,5,6,0,14,0,25,201203,2,10,20,6,56,-6,2012,3,0,0,0,1,0,878
Falcons,6,14,0,7,0,27,Chargers,0,0,3,0,0,3,201203,6,20,17,24,30,-24,2012,3,0,0,0,0,0,1887
Eagles,0,0,6,0,0,6,Cardinals,10,14,0,3,0,27,201203,10,24,18,21,33,21,2012,3,0,0,0,1,0,2078
Bengals,14,10,0,14,0,38,Washington,7,3,14,7,0,31,201203,7,14,0,7,69,-7,2012,3,0,0,0,0,0,398
Chiefs,3,3,7,11,3,27,Saints,7,3,14,0,0,24,201203,-4,-4,-11,3,51,-3,2012,3,0,0,0,0,0,681
49ers,0,3,10,0,0,13,Vikings,7,10,0,7,0,24,201203,7,14,4,11,37,11,2012,3,0,0,0,1,0,1581
Jaguars,3,0,10,9,0,22,Colts,7,7,0,3,0,17,201203,-4,-11,-1,5,39,-5,2012,3,0,0,0,1,1,699
Lions,6,3,7,25,0,41,Titans,10,10,0,21,3,44,201203,4,11,4,3,85,3,2012,3,0,0,0,0,0,470
Buccaneers,7,0,0,3,0,10,Cowboys,7,3,0,6,0,16,201203,0,3,3,6,26,6,2012,3,0,0,0,1,0,916
Bills,14,0,3,7,0,24,Browns,0,7,7,0,0,14,201203,14,7,3,10,38,-10,2012,3,0,0,0,1,0,173
Rams,0,3,3,0,0,6,Bears,3,7,0,13,0,23,201203,3,7,4,17,29,17,2012,3,0,0,0,1,0,260
Giants,10,10,6,10,0,36,Panthers,0,0,7,0,0,7,201203,10,20,19,29,43,-29,2012,3,0,0,0,1,0,531
Jets,0,3,7,10,3,23,Dolphins,7,3,7,3,0,20,201203,-7,-7,-7,3,43,-3,2012,3,0,0,0,1,1,1091
Dolphins,0,13,0,8,0,21,Cardinals,0,0,7,14,3,24,201204,0,-13,-6,3,45,3,2012,4,0,0,0,0,0,1978
Bears,0,10,14,10,0,34,Cowboys,0,7,3,8,0,18,201204,0,3,14,16,52,-16,2012,4,0,0,0,1,0,802
Giants,0,3,7,7,0,17,Eagles,0,7,6,6,0,19,201204,0,4,3,2,36,2,2012,4,0,0,0,1,1,80
Washington,7,14,0,3,0,24,Buccaneers,3,3,7,9,0,22,201204,4,15,8,2,46,-2,2012,4,0,0,0,1,0,818
Saints,7,7,10,3,0,27,Packers,7,14,0,7,0,28,201204,0,7,-3,1,55,1,2012,4,0,0,0,1,0,1012
Bengals,3,14,0,10,0,27,Jaguars,0,7,3,0,0,10,201204,3,10,7,17,37,-17,2012,4,0,0,0,1,0,630
Raiders,3,3,0,0,0,6,Broncos,10,0,21,6,0,37,201204,7,4,25,31,43,31,2012,4,0,0,0,1,1,939
Chargers,17,10,0,10,0,37,Chiefs,0,6,7,7,0,20,201204,17,21,14,17,57,-17,2012,4,0,0,0,1,1,1334
49ers,0,10,7,17,0,34,Jets,0,0,0,0,0,0,201204,0,10,17,34,34,-34,2012,4,0,0,0,0,0,2565
Seahawks,7,0,3,3,0,13,Rams,3,10,3,3,0,19,201204,-4,6,6,6,32,6,2012,4,0,0,0,1,1,1720
Titans,0,7,0,7,0,14,Texans,14,0,14,10,0,38,201204,14,7,21,24,52,24,2012,4,0,0,0,1,1,665
Vikings,10,3,7,0,0,20,Lions,3,3,0,7,0,13,201204,7,7,14,7,33,-7,2012,4,0,0,0,1,1,542
Patriots,7,0,14,31,0,52,Bills,0,14,7,7,0,28,201204,7,-7,0,24,80,-24,2012,4,0,0,0,1,1,404
Panthers,7,7,7,7,0,28,Falcons,7,10,7,6,0,30,201204,0,3,3,2,58,2,2012,4,0,0,0,1,1,226
Browns,0,7,3,6,0,16,Ravens,0,9,14,0,0,23,201204,0,2,13,7,39,7,2012,4,0,0,0,1,1,307
Chargers,7,10,7,0,0,24,Saints,7,7,7,10,0,31,201205,0,-3,-3,7,55,7,2012,5,0,0,0,0,0,1605
Bills,0,3,0,0,0,3,49ers,3,14,7,21,0,45,201205,3,14,21,42,48,42,2012,5,0,0,0,0,0,2294
Broncos,0,7,7,7,0,21,Patriots,7,10,14,0,0,31,201205,7,10,17,10,52,10,2012,5,0,0,0,1,0,1769
Titans,0,0,0,7,0,7,Vikings,7,6,10,7,0,30,201205,7,13,23,23,37,23,2012,5,0,0,0,0,0,696
Bears,3,0,10,28,0,41,Jaguars,0,3,0,0,0,3,201205,3,0,10,38,44,-38,2012,5,0,0,0,0,0,862
Seahawks,3,3,7,3,0,16,Panthers,0,3,7,2,0,12,201205,3,3,3,4,28,-4,2012,5,0,0,0,1,0,2280
Texans,7,10,6,0,0,23,Jets,7,0,7,3,0,17,201205,0,10,9,6,40,-6,2012,5,0,0,0,1,0,1417
Eagles,0,0,7,7,0,14,Steelers,0,10,0,6,0,16,201205,0,10,3,2,30,2,2012,5,0,0,1,0,0,257
Browns,14,3,3,7,0,27,Giants,7,20,7,7,0,41,201205,-7,10,14,14,68,14,2012,5,0,0,0,0,0,403
Ravens,3,0,6,0,0,9,Chiefs,0,3,0,3,0,6,201205,3,0,6,3,15,-3,2012,5,0,0,0,1,0,960
Packers,7,14,0,6,0,27,Colts,0,3,16,11,0,30,201205,-7,-18,-2,3,57,3,2012,5,0,0,1,0,0,341
Dolphins,0,7,10,0,0,17,Bengals,6,0,0,7,0,13,201205,-6,1,11,4,30,-4,2012,5,0,0,0,1,0,957
Cardinals,3,0,0,0,0,3,Rams,7,3,0,7,0,17,201205,4,7,7,14,20,14,2012,5,0,0,0,1,1,1270
Falcons,0,7,0,17,0,24,Washington,0,7,3,7,0,17,201205,0,0,-3,7,41,-7,2012,5,0,0,0,1,0,541
Broncos,0,0,14,21,0,35,Chargers,10,14,0,0,0,24,201206,-10,-24,-10,11,59,-11,2012,6,0,0,0,1,1,832
Packers,14,7,7,14,0,42,Texans,0,10,7,7,0,24,201206,14,11,11,18,66,-18,2012,6,0,0,0,0,0,1095
Vikings,9,0,3,14,0,26,Washington,0,17,7,14,0,38,201206,-9,8,12,12,64,12,2012,6,0,0,0,1,0,931
Giants,0,10,13,3,0,26,49ers,3,0,0,0,0,3,201206,-3,7,20,23,29,-23,2012,6,0,0,0,1,0,2565
Patriots,7,10,3,3,0,23,Seahawks,10,0,0,14,0,24,201206,3,-7,-10,1,47,1,2012,6,0,0,0,0,0,2495
Bills,9,0,7,0,3,19,Cardinals,3,7,3,3,0,16,201206,6,-1,3,3,35,-3,2012,6,0,0,0,0,0,1902
Cowboys,7,3,10,9,0,29,Ravens,3,14,7,7,0,31,201206,-4,7,4,2,60,2,2012,6,0,1,0,0,0,1210
Chiefs,0,3,0,7,0,10,Buccaneers,7,0,14,17,0,38,201206,7,4,18,28,48,28,2012,6,0,0,1,0,0,1037
Colts,3,3,0,3,0,9,Jets,0,21,7,7,0,35,201206,-3,15,22,26,44,26,2012,6,0,0,0,1,0,643
Rams,6,0,0,8,0,14,Dolphins,0,10,7,0,0,17,201206,-6,4,11,3,31,3,2012,6,0,0,0,0,0,1061
Bengals,7,7,0,10,0,24,Browns,0,7,6,21,0,34,201206,-7,-7,-1,10,58,10,2012,6,0,0,0,1,1,217
Raiders,3,10,0,7,0,20,Falcons,0,7,6,10,0,23,201206,-3,-6,0,3,43,3,2012,6,0,1,0,0,0,2127
Steelers,10,0,3,10,0,23,Titans,6,10,0,10,0,26,201206,-4,6,3,3,49,3,2012,6,0,0,0,1,0,471
Lions,6,0,0,17,3,26,Eagles,0,7,6,10,0,23,201206,6,-1,-7,3,49,-3,2012,6,0,1,0,1,0,441
Cowboys,0,3,10,6,0,19,Panthers,0,7,0,7,0,14,201207,0,-4,6,5,33,-5,2012,7,0,0,1,1,0,928
Steelers,3,11,3,7,0,24,Bengals,7,7,3,0,0,17,201207,-4,0,0,7,41,-7,2012,7,0,0,0,1,1,252
Jets,7,3,3,13,0,26,Patriots,14,2,7,3,3,29,201207,7,6,10,3,55,3,2012,7,0,0,0,1,1,181
Jaguars,7,10,3,3,0,23,Raiders,3,3,7,10,3,26,201207,-4,-11,-7,3,49,3,2012,7,0,1,0,1,0,2361
Ravens,3,0,7,3,0,13,Texans,9,20,7,7,0,43,201207,6,26,26,30,56,30,2012,7,0,0,0,1,0,1250
Saints,7,21,0,7,0,35,Buccaneers,14,7,0,7,0,28,201207,-7,7,7,7,63,-7,2012,7,0,1,0,1,1,480
Lions,0,0,0,7,0,7,Bears,10,0,3,0,0,13,201207,10,10,13,6,20,6,2012,7,0,0,1,1,1,238
Cardinals,0,7,0,7,0,14,Vikings,7,7,7,0,0,21,201207,7,7,14,7,35,7,2012,7,0,0,0,1,0,1278
Packers,10,0,7,13,0,30,Rams,3,3,0,14,0,20,201207,7,4,11,10,50,-10,2012,7,0,0,0,1,0,422
Browns,0,6,7,0,0,13,Colts,7,7,3,0,0,17,201207,7,8,4,4,30,4,2012,7,0,0,0,1,0,262
Titans,14,7,7,7,0,35,Bills,14,6,14,0,0,34,201207,0,1,-6,1,69,-1,2012,7,0,0,0,1,0,626
Seahawks,3,3,0,0,0,6,49ers,3,0,7,3,0,13,201207,0,-3,4,7,19,7,2012,7,0,0,0,1,1,679
Washington,3,10,0,10,0,23,Giants,0,13,0,14,0,27,201207,-3,0,0,4,50,4,2012,7,0,0,0,1,1,204
49ers,7,10,7,0,0,24,Cardinals,0,0,3,0,0,3,201208,7,17,21,21,27,-21,2012,8,0,0,0,1,1,652
Saints,0,7,0,7,0,14,Broncos,7,10,7,10,0,34,201208,7,10,17,20,48,20,2012,8,0,0,1,0,0,1079
Giants,13,10,0,6,0,29,Cowboys,0,10,14,0,0,24,201208,13,13,-1,5,53,-5,2012,8,0,0,0,1,1,1370
Raiders,3,10,10,3,0,26,Chiefs,0,6,3,7,0,16,201208,3,7,14,10,42,-10,2012,8,0,0,1,1,1,1495
Washington,0,6,3,3,0,12,Steelers,10,10,7,0,0,27,201208,10,14,18,15,39,15,2012,8,0,0,0,0,0,190
Falcons,14,10,3,3,0,30,Eagles,0,7,3,7,0,17,201208,14,17,17,13,47,-13,2012,8,0,1,1,1,0,665
Dolphins,10,10,7,3,0,30,Jets,0,0,3,6,0,9,201208,10,20,24,21,39,-21,2012,8,0,1,0,1,1,1091
Patriots,7,21,10,7,0,45,Rams,7,0,0,0,0,7,201208,0,21,31,38,52,-38,2012,8,0,0,0,0,0,1035
Colts,3,0,3,7,6,19,Titans,3,7,0,3,0,13,201208,0,-7,-4,6,32,-6,2012,8,0,0,0,1,1,251
Jaguars,3,9,0,3,0,15,Packers,7,7,0,10,0,24,201208,4,2,2,9,39,9,2012,8,0,0,0,0,0,1039
Seahawks,3,14,0,7,0,24,Lions,7,7,0,14,0,28,201208,4,-3,-3,4,52,4,2012,8,0,0,0,1,0,1933
Chargers,0,3,3,0,0,6,Browns,7,0,0,0,0,7,201208,7,4,1,1,13,1,2012,8,0,1,0,1,0,2030
Panthers,3,10,6,3,0,22,Bears,7,0,0,16,0,23,201208,4,-6,-12,1,45,1,2012,8,0,0,0,1,0,586
Buccaneers,10,10,10,6,0,36,Vikings,0,10,7,0,0,17,201208,10,10,13,19,53,-19,2012,8,0,0,0,1,0,1318
Eagles,0,3,10,0,0,13,Saints,7,14,7,0,0,28,201209,7,18,15,15,41,15,2012,9,0,0,0,1,0,1088
Cowboys,6,0,0,7,0,13,Falcons,0,6,0,13,0,19,201209,-6,0,0,6,32,6,2012,9,0,0,0,1,0,719
Steelers,0,10,0,14,0,24,Giants,0,14,6,0,0,20,201209,0,-4,-10,4,44,-4,2012,9,0,0,0,0,0,314
Vikings,7,10,3,0,0,20,Seahawks,14,6,7,3,0,30,201209,7,3,7,10,50,10,2012,9,0,0,0,1,0,1391
Buccaneers,0,7,21,14,0,42,Raiders,3,7,0,22,0,32,201209,-3,-3,18,10,74,-10,2012,9,0,0,0,0,0,2388
Bills,0,6,3,0,0,9,Texans,7,0,7,7,0,21,201209,7,1,5,12,30,12,2012,9,0,1,1,1,0,1285
Lions,0,21,0,10,0,31,Jaguars,0,0,0,14,0,14,201209,0,21,21,17,45,-17,2012,9,0,0,0,0,0,832
Dolphins,3,14,0,3,0,20,Colts,7,6,7,3,0,23,201209,4,-4,3,3,43,3,2012,9,0,0,0,1,0,1026
Bears,28,3,6,14,0,51,Titans,2,3,7,8,0,20,201209,26,26,25,31,71,-31,2012,9,0,0,0,0,0,395
Cardinals,0,7,10,0,0,17,Packers,7,14,10,0,0,31,201209,7,14,14,14,48,14,2012,9,0,0,0,1,0,1492
Ravens,14,0,0,11,0,25,Browns,0,9,3,3,0,15,201209,14,5,2,10,40,-10,2012,9,0,1,0,1,1,307
Broncos,3,7,7,14,0,31,Bengals,0,3,10,10,0,23,201209,3,7,4,8,54,-8,2012,9,0,0,1,1,0,1093
Chiefs,0,3,3,7,0,13,Chargers,7,3,0,21,0,31,201209,7,7,4,18,44,18,2012,9,0,0,0,1,1,1334
Panthers,7,7,0,7,0,21,Washington,3,0,3,7,0,13,201209,4,11,8,8,34,-8,2012,9,0,0,0,1,0,329
Chargers,14,7,0,3,0,24,Buccaneers,7,10,7,10,0,34,201210,-7,-4,3,10,58,10,2012,10,0,0,0,0,0,2085
Chiefs,7,3,0,3,0,13,Steelers,0,10,0,3,3,16,201210,-7,0,0,3,29,3,2012,10,0,0,0,1,0,779
Texans,3,7,0,3,0,13,Bears,0,3,3,0,0,6,201210,3,7,4,7,19,-7,2012,10,0,0,0,0,0,939
Rams,14,0,3,7,0,24,49ers,0,7,0,17,0,24,201210,14,7,10,0,48,0,2012,10,0,1,1,1,1,1741
Cowboys,7,3,7,21,0,38,Eagles,7,0,10,6,0,23,201210,0,3,0,15,61,-15,2012,10,0,0,0,1,1,1297
Jets,7,0,0,0,0,7,Seahawks,7,7,0,14,0,28,201210,0,7,7,21,35,21,2012,10,0,1,0,0,0,2401
Raiders,0,10,7,3,0,20,Ravens,10,17,21,7,0,55,201210,10,17,31,35,75,35,2012,10,0,0,0,1,0,2442
Bills,0,17,7,7,0,31,Patriots,10,14,7,6,0,37,201210,10,7,7,6,68,6,2012,10,0,0,1,1,1,404
Falcons,10,7,0,10,0,27,Saints,7,14,7,3,0,31,201210,-3,4,11,4,58,4,2012,10,0,0,0,1,1,424
Lions,0,3,7,14,0,24,Vikings,10,3,3,18,0,34,201210,10,10,6,10,58,10,2012,10,0,0,0,1,1,542
Titans,14,10,7,6,0,37,Dolphins,0,3,0,0,0,3,201210,14,21,28,34,40,-34,2012,10,0,0,0,1,0,816
Giants,3,3,0,7,0,13,Bengals,14,3,14,0,0,31,201210,11,11,25,18,44,18,2012,10,0,0,0,0,0,563
Colts,3,14,7,3,0,27,Jaguars,0,3,0,7,0,10,201210,3,14,21,17,37,-17,2012,10,0,0,0,1,1,699
Broncos,7,10,7,12,0,36,Panthers,7,0,0,7,0,14,201210,0,10,17,22,50,-22,2012,10,0,0,0,0,0,1355
Saints,14,7,14,3,0,38,Raiders,0,7,3,7,0,17,201211,14,14,25,21,55,-21,2012,11,0,0,0,0,0,1914
Chargers,7,0,9,7,0,23,Broncos,0,17,7,6,0,30,201211,-7,10,8,7,53,7,2012,11,0,0,0,1,1,832
Jaguars,7,10,10,7,3,37,Texans,7,10,3,14,9,43,201211,0,0,-7,6,80,6,2012,11,0,0,0,1,1,820
Colts,14,3,0,7,0,24,Patriots,7,17,14,21,0,59,201211,-7,7,21,35,83,35,2012,11,0,0,0,1,0,805
Ravens,10,0,3,0,0,13,Steelers,7,0,3,0,0,10,201211,3,3,3,3,23,-3,2012,11,0,0,0,1,1,196
Bears,0,0,7,0,0,7,49ers,10,10,7,5,0,32,201211,10,20,20,25,39,25,2012,11,0,0,0,1,0,1853
Buccaneers,10,0,0,11,6,27,Panthers,7,7,0,7,0,21,201211,3,-4,-4,6,48,-6,2012,11,0,0,0,1,1,511
Browns,7,6,0,7,0,20,Cowboys,0,0,3,17,3,23,201211,-7,-13,-10,3,43,3,2012,11,0,1,0,0,0,1024
Jets,3,10,0,14,0,27,Rams,7,0,0,6,0,13,201211,-4,6,6,14,40,-14,2012,11,0,0,0,0,0,871
Bengals,7,14,0,7,0,28,Chiefs,3,3,0,0,0,6,201211,4,15,15,22,34,-22,2012,11,0,0,0,1,0,542
Packers,0,7,7,10,0,24,Lions,3,7,7,3,0,20,201211,-3,-3,-3,4,44,-4,2012,11,0,1,0,1,1,291
Cardinals,13,3,0,3,0,19,Falcons,0,16,0,7,0,23,201211,-13,0,0,4,42,4,2012,11,0,1,0,1,0,1588
Dolphins,7,0,0,7,0,14,Bills,13,6,0,0,0,19,201211,6,12,12,5,33,5,2012,11,0,0,0,1,1,1184
Eagles,0,3,3,0,0,6,Washington,7,10,7,7,0,31,201211,7,14,18,25,37,25,2012,11,0,0,1,1,1,123
Panthers,14,0,7,9,0,30,Eagles,3,12,7,0,0,22,201212,11,-1,-1,8,52,-8,2012,12,0,0,0,1,0,450
Packers,7,3,0,0,0,10,Giants,17,14,7,0,0,38,201212,10,21,28,28,48,28,2012,12,0,0,1,1,0,758
Rams,0,14,14,3,0,31,Cardinals,7,10,0,0,0,17,201212,-7,-3,11,14,48,-14,2012,12,0,0,0,1,1,1270
49ers,7,7,14,3,0,31,Saints,7,7,7,0,0,21,201212,0,0,7,10,52,-10,2012,12,0,0,0,1,0,1921
Ravens,0,0,3,10,3,16,Chargers,0,10,0,3,0,13,201212,0,-10,-7,3,29,-3,2012,12,0,0,0,1,0,2291
Titans,3,3,3,10,0,19,Jaguars,7,0,7,10,0,24,201212,4,1,5,5,43,5,2012,12,0,1,0,1,1,500
Falcons,3,7,7,7,0,24,Buccaneers,7,3,3,10,0,23,201212,-4,0,4,1,47,-1,2012,12,0,0,0,1,1,416
Seahawks,0,7,7,7,0,21,Dolphins,0,7,0,17,0,24,201212,0,0,-7,3,45,3,2012,12,0,1,0,0,0,2730
Bills,3,3,0,7,0,13,Colts,7,6,7,0,0,20,201212,4,7,14,7,33,7,2012,12,0,0,0,1,0,434
Steelers,7,7,0,0,0,14,Browns,3,10,7,0,0,20,201212,-4,-1,6,6,34,6,2012,12,0,0,0,1,1,114
Raiders,0,0,10,0,0,10,Bengals,14,10,0,10,0,34,201212,14,24,14,24,44,24,2012,12,0,0,0,1,0,2032
Vikings,3,0,7,0,0,10,Bears,10,15,3,0,0,28,201212,7,22,18,18,38,18,2012,12,0,1,0,1,1,355
Patriots,0,35,0,14,0,49,Jets,0,3,9,7,0,19,201212,0,32,23,30,68,-30,2012,12,0,0,0,1,1,181
Washington,0,28,0,10,0,38,Cowboys,3,0,10,18,0,31,201212,-3,25,15,7,69,-7,2012,12,0,0,0,1,1,1181
Texans,0,14,10,7,3,34,Lions,7,14,3,7,0,31,201212,-7,-7,0,3,65,-3,2012,12,0,0,0,0,0,1105
Broncos,0,7,7,3,0,17,Chiefs,6,0,3,0,0,9,201212,-6,1,5,8,26,-8,2012,12,0,0,0,1,1,556
Cardinals,0,3,0,3,0,6,Jets,0,0,0,7,0,7,201213,0,-3,-3,1,13,1,2012,13,0,0,0,0,0,2139
Giants,3,10,3,0,0,16,Washington,7,3,0,7,0,17,201213,4,-3,-6,1,33,1,2012,13,0,0,0,1,1,204
Eagles,7,10,7,9,0,33,Cowboys,0,10,7,21,0,38,201213,-7,-7,-7,5,71,5,2012,13,0,0,0,1,1,1297
Steelers,3,3,7,10,0,23,Ravens,0,13,7,0,0,20,201213,3,-7,-7,3,43,-3,2012,13,0,0,0,1,1,196
Bengals,7,3,0,10,0,20,Chargers,0,13,0,0,0,13,201213,7,-3,-3,7,33,-7,2012,13,0,0,0,1,0,1871
Browns,0,10,3,7,0,20,Raiders,0,3,7,7,0,17,201213,0,7,3,3,37,-3,2012,13,0,0,0,1,0,2153
Buccaneers,10,0,0,13,0,23,Broncos,7,0,21,3,0,31,201213,-3,-3,18,8,54,8,2012,13,0,0,0,0,0,1521
Patriots,7,10,0,6,0,23,Dolphins,3,7,0,6,0,16,201213,4,7,7,7,39,-7,2012,13,0,0,0,1,1,1241
Saints,0,7,6,0,0,13,Falcons,7,10,0,6,0,23,201213,7,10,4,10,36,10,2012,13,0,0,0,1,1,424
Panthers,7,7,0,7,0,21,Chiefs,10,7,7,3,0,27,201213,3,3,10,6,48,6,2012,13,0,0,0,0,0,801
Texans,14,7,3,0,0,24,Titans,3,0,7,0,0,10,201213,11,18,14,14,34,-14,2012,13,0,0,0,1,1,665
Vikings,0,14,0,0,0,14,Packers,10,0,10,3,0,23,201213,10,-4,6,9,37,9,2012,13,0,0,0,1,1,259
Colts,7,7,7,14,0,35,Lions,10,13,7,3,0,33,201213,-3,-9,-9,2,68,-2,2012,13,0,0,0,0,0,240
Seahawks,0,10,0,7,6,23,Bears,7,0,7,3,0,17,201213,-7,3,-4,6,40,-6,2012,13,0,0,0,1,0,1732
Jaguars,0,10,0,8,0,18,Bills,7,10,10,7,0,34,201213,7,7,17,16,52,16,2012,13,0,0,0,1,0,880
49ers,7,0,0,6,0,13,Rams,0,0,2,11,3,16,201213,-7,-7,-5,3,29,3,2012,13,0,0,0,1,1,1741
Falcons,0,0,7,13,0,20,Panthers,7,9,7,7,0,30,201214,7,16,16,10,50,10,2012,14,0,0,0,1,1,226
Texans,0,0,7,7,0,14,Patriots,14,7,7,14,0,42,201214,14,21,21,28,56,28,2012,14,0,0,0,1,0,1597
Lions,7,7,3,3,0,20,Packers,0,10,7,10,0,27,201214,-7,-4,0,7,47,7,2012,14,0,0,0,1,1,291
Cardinals,0,0,0,0,0,0,Seahawks,10,28,13,7,0,58,201214,10,38,51,58,58,58,2012,14,0,0,0,1,1,1114
Saints,7,6,14,0,0,27,Giants,14,7,14,17,0,52,201214,7,8,8,25,79,25,2012,14,0,0,0,1,0,1168
Dolphins,0,3,3,7,0,13,49ers,0,6,7,14,0,27,201214,0,3,7,14,40,14,2012,14,0,0,0,0,0,2590
Ravens,7,14,0,7,0,28,Washington,14,0,6,8,3,31,201214,7,-7,-1,3,59,3,2012,14,0,0,0,0,0,35
Jets,0,0,10,7,0,17,Jaguars,0,3,0,7,0,10,201214,0,-3,7,7,27,-7,2012,14,0,0,0,1,0,835
Chargers,3,10,14,7,0,34,Steelers,0,3,7,14,0,24,201214,3,10,17,10,58,-10,2012,14,0,0,0,1,0,2113
Bears,0,7,0,7,0,14,Vikings,14,0,7,0,0,21,201214,14,7,14,7,35,7,2012,14,0,0,0,1,1,355
Eagles,0,10,0,13,0,23,Buccaneers,0,0,7,14,0,21,201214,0,10,3,2,44,-2,2012,14,0,0,0,1,0,928
Titans,7,13,0,3,0,23,Colts,7,0,14,6,0,27,201214,0,-13,1,4,50,4,2012,14,0,0,0,1,1,251
Chiefs,7,0,0,0,0,7,Browns,3,7,10,10,0,30,201214,-4,3,13,23,37,23,2012,14,0,0,0,1,0,698
Cowboys,3,7,0,10,0,20,Bengals,10,3,6,0,0,19,201214,-7,-3,-9,1,39,-1,2012,14,0,0,0,0,0,817
Rams,0,0,7,8,0,15,Bills,3,3,6,0,0,12,201214,-3,-6,-5,3,27,-3,2012,14,0,0,0,0,0,660
Broncos,10,3,13,0,0,26,Raiders,0,7,0,6,0,13,201214,10,6,19,13,39,-13,2012,14,0,0,0,1,1,939
49ers,7,10,14,10,0,41,Patriots,0,3,7,24,0,34,201215,7,14,21,7,75,-7,2012,15,0,0,0,0,0,2698
Chiefs,0,0,0,0,0,0,Raiders,3,6,3,3,0,15,201215,3,9,12,15,15,15,2012,15,0,0,0,1,1,1495
Steelers,0,10,7,7,0,24,Cowboys,3,7,7,7,3,27,201215,3,0,0,3,51,3,2012,15,0,0,0,0,0,1069
Panthers,21,3,7,0,0,31,Chargers,0,0,0,7,0,7,201215,21,24,31,24,38,-24,2012,15,0,0,0,0,0,2076
Lions,0,7,3,0,0,10,Cardinals,0,21,3,14,0,38,201215,0,14,14,28,48,28,2012,15,0,0,0,1,0,1687
Seahawks,14,17,16,3,0,50,Bills,7,10,0,0,0,17,201215,7,14,30,33,67,-33,2012,15,0,0,0,0,0,2110
Colts,0,10,7,0,0,17,Texans,10,10,3,6,0,29,201215,10,10,6,12,46,12,2012,15,0,0,0,1,1,865
Jets,3,0,7,0,0,10,Titans,0,7,7,0,0,14,201215,-3,4,4,4,24,4,2012,15,0,0,0,1,0,758
Buccaneers,0,0,0,0,0,0,Saints,7,17,7,10,0,41,201215,7,24,31,41,41,41,2012,15,0,0,0,1,1,480
Jaguars,3,0,0,0,0,3,Dolphins,3,7,6,8,0,24,201215,0,7,13,21,27,21,2012,15,0,0,0,1,0,327
Vikings,7,23,3,3,0,36,Rams,0,7,0,15,0,22,201215,7,23,26,14,58,-14,2012,15,0,0,0,1,0,466
Washington,7,3,14,14,0,38,Browns,7,7,0,7,0,21,201215,0,-4,10,17,59,-17,2012,15,0,0,0,0,0,304
Packers,0,14,7,0,0,21,Bears,0,7,3,3,0,13,201215,0,7,11,8,34,-8,2012,15,0,0,0,1,1,185
Giants,0,0,0,0,0,0,Falcons,14,3,10,7,0,34,201215,14,17,27,34,34,34,2012,15,0,0,0,1,0,745
Bengals,10,0,14,10,0,34,Eagles,0,13,0,0,0,13,201215,10,-3,11,21,47,-21,2012,15,0,0,0,0,0,497
Broncos,3,14,14,3,0,34,Ravens,0,0,3,14,0,17,201215,3,17,28,17,51,-17,2012,15,0,0,0,1,0,1506
49ers,0,6,0,7,0,13,Seahawks,14,14,7,7,0,42,201216,14,22,29,29,55,29,2012,16,0,0,0,1,1,679
Giants,7,0,0,7,0,14,Ravens,14,10,3,6,0,33,201216,7,17,20,19,47,19,2012,16,0,0,0,0,0,169
Bears,7,14,7,0,0,28,Cardinals,3,3,0,7,0,13,201216,4,15,22,15,41,-15,2012,16,0,0,0,1,0,1450
Browns,3,0,3,6,0,12,Broncos,7,7,7,13,0,34,201216,4,11,15,22,46,22,2012,16,0,0,0,1,0,1223
Vikings,7,6,3,7,0,23,Texans,3,0,3,0,0,6,201216,4,10,10,17,29,-17,2012,16,0,0,0,0,0,1057
Patriots,3,10,3,7,0,23,Jaguars,10,3,0,3,0,16,201216,-7,0,3,7,39,-7,2012,16,0,0,0,1,0,1003
Raiders,0,3,0,3,0,6,Panthers,7,7,0,3,0,17,201216,7,11,11,11,23,11,2012,16,0,0,0,0,0,2288
Rams,0,14,14,0,0,28,Buccaneers,3,3,7,0,0,13,201216,-3,8,15,15,41,-15,2012,16,0,0,0,1,0,861
Bengals,7,3,0,3,0,13,Steelers,0,7,3,0,0,10,201216,7,3,0,3,23,-3,2012,16,0,0,0,1,1,252
Chargers,7,3,14,3,0,27,Jets,14,0,0,3,0,17,201216,-7,-4,10,10,44,-10,2012,16,0,0,0,1,0,2427
Bills,0,3,0,7,0,10,Dolphins,7,7,10,0,0,24,201216,7,11,21,14,34,14,2012,16,0,0,0,1,1,1184
Colts,7,6,0,7,0,20,Chiefs,3,0,10,0,0,13,201216,4,10,0,7,33,-7,2012,16,0,0,0,1,0,451
Titans,0,0,0,7,0,7,Packers,14,6,14,21,0,55,201216,14,20,34,48,62,48,2012,16,0,0,0,0,0,580
Saints,7,10,7,7,3,34,Cowboys,0,14,3,14,0,31,201216,7,3,7,3,65,-3,2012,16,0,0,0,1,0,442
Falcons,7,14,0,10,0,31,Lions,3,3,7,5,0,18,201216,4,15,8,13,49,-13,2012,16,0,0,0,1,0,597
Washington,0,13,14,0,0,27,Eagles,7,3,3,7,0,20,201216,-7,3,14,7,47,-7,2012,16,0,0,0,1,1,123
Chiefs,0,3,0,0,0,3,Broncos,7,14,14,3,0,38,201217,7,18,32,35,41,35,2012,17,0,0,0,1,1,556
Cowboys,0,7,0,11,0,18,Washington,0,7,7,14,0,28,201217,0,0,7,10,46,10,2012,17,0,0,0,1,1,1181
Rams,0,7,3,3,0,13,Seahawks,0,3,10,7,0,20,201217,0,-4,3,7,33,7,2012,17,0,0,0,1,1,1720
Cardinals,3,3,0,7,0,13,49ers,0,7,10,10,0,27,201217,-3,1,11,14,40,14,2012,17,0,0,0,1,1,652
Raiders,0,7,0,14,0,21,Chargers,10,7,7,0,0,24,201217,10,10,17,3,45,3,2012,17,0,0,0,1,1,454
Dolphins,0,0,0,0,0,0,Patriots,7,14,0,7,0,28,201217,7,21,21,28,28,28,2012,17,0,0,0,1,1,1241
Packers,0,10,14,10,0,34,Vikings,10,10,7,10,0,37,201217,10,10,3,3,71,3,2012,17,0,0,0,1,1,259
Browns,0,3,7,0,0,10,Steelers,0,10,7,7,0,24,201217,0,7,7,14,34,14,2012,17,0,0,0,1,1,114
Texans,3,3,10,0,0,16,Colts,7,7,7,7,0,28,201217,4,8,5,12,44,12,2012,17,0,0,0,1,1,865
Panthers,3,10,14,17,0,44,Saints,0,17,7,14,0,38,201217,3,-4,3,6,82,-6,2012,17,0,0,0,1,1,648
Eagles,0,7,0,0,0,7,Giants,21,14,0,7,0,42,201217,21,28,28,35,49,35,2012,17,0,0,0,1,1,80
Jaguars,7,7,0,6,0,20,Titans,7,14,14,3,0,38,201217,0,7,21,18,58,18,2012,17,0,0,0,1,1,500
Bears,10,10,3,3,0,26,Lions,3,7,7,7,0,24,201217,7,10,6,2,50,-2,2012,17,0,0,0,1,1,238
Ravens,7,0,0,10,0,17,Bengals,0,7,6,10,0,23,201217,-7,0,6,6,40,6,2012,17,0,0,0,1,1,419
Jets,3,6,0,0,0,9,Bills,7,7,0,14,0,28,201217,4,5,5,19,37,19,2012,17,0,0,0,1,1,292
Buccaneers,3,10,9,0,0,22,Falcons,3,0,7,7,0,17,201217,0,10,12,5,39,-5,2012,17,0,0,0,1,1,416
Bengals,0,7,3,3,0,13,Texans,3,6,7,3,0,19,201218,3,2,6,6,32,6,2012,18,1,0,0,1,0,897
Vikings,3,0,0,7,0,10,Packers,7,10,7,0,0,24,201218,4,14,21,14,34,14,2012,18,1,0,0,1,1,259
Colts,0,6,3,0,0,9,Ravens,0,10,7,7,0,24,201218,0,4,8,15,33,15,2012,18,1,0,0,1,0,509
Seahawks,0,13,0,11,0,24,Washington,14,0,0,0,0,14,201218,-14,-1,-1,10,38,-10,2012,18,1,0,0,1,0,2322
Texans,3,10,0,15,0,28,Patriots,7,10,14,10,0,41,201219,4,4,18,13,69,13,2012,19,1,0,1,1,0,1597
Seahawks,0,0,7,21,0,28,Falcons,10,10,7,3,0,30,201219,10,20,20,2,58,2,2012,19,1,0,1,1,0,2178
Packers,14,7,3,7,0,31,49ers,7,17,7,14,0,45,201219,-7,3,7,14,76,14,2012,19,1,0,1,1,0,1834
Ravens,14,7,7,7,3,38,Broncos,14,7,7,7,0,35,201219,0,0,0,3,73,-3,2012,19,1,0,1,1,0,1506
49ers,0,14,7,7,0,28,Falcons,10,14,0,0,0,24,201220,-10,-10,-3,4,52,-4,2012,20,1,0,0,1,0,2135
Ravens,0,7,7,14,0,28,Patriots,3,10,0,0,0,13,201220,-3,-6,1,15,41,-15,2012,20,1,0,0,1,0,350
Ravens,7,14,7,6,0,34,49ers,3,3,17,8,0,31,201222,4,15,5,3,65,-3,2012,22,1,1,1,0,0,2451
Eagles,12,14,7,0,0,33,Washington,7,0,7,13,0,27,201301,5,19,19,6,60,-6,2013,1,0,0,0,1,1,123
Giants,3,7,7,14,0,31,Cowboys,3,10,14,9,0,36,201301,0,3,10,5,67,5,2013,1,0,0,0,1,1,1370
Texans,7,0,7,17,0,31,Chargers,7,14,7,0,0,28,201301,0,-14,-14,3,59,-3,2013,1,0,0,0,1,0,1301
Packers,7,7,7,7,0,28,49ers,7,7,7,13,0,34,201301,0,0,0,6,62,6,2013,1,0,0,0,1,0,1834
Cardinals,0,10,14,0,0,24,Rams,0,10,3,14,0,27,201301,0,0,-11,3,51,3,2013,1,0,0,0,1,1,1270
Chiefs,14,7,0,7,0,28,Jaguars,2,0,0,0,0,2,201301,12,19,19,26,30,-26,2013,1,0,0,0,1,0,949
Seahawks,0,3,3,6,0,12,Panthers,0,7,0,0,0,7,201301,0,-4,-1,5,19,-5,2013,1,0,0,0,1,0,2280
Titans,0,7,3,6,0,16,Steelers,2,0,0,7,0,9,201301,-2,5,8,7,25,-7,2013,1,0,0,0,1,0,471
Bengals,7,7,7,0,0,21,Bears,7,3,7,7,0,24,201301,0,-4,-4,3,45,3,2013,1,0,0,0,0,0,250
Falcons,10,0,7,0,0,17,Saints,0,13,7,3,0,23,201301,-10,3,3,6,40,6,2013,1,0,0,0,1,1,424
Raiders,0,7,3,7,0,17,Colts,7,7,0,7,0,21,201301,7,7,4,4,38,4,2013,1,0,0,0,1,0,1936
Vikings,7,7,10,0,0,24,Lions,3,10,14,7,0,34,201301,-4,-1,3,10,58,10,2013,1,0,0,0,1,1,542
Dolphins,3,3,7,10,0,23,Browns,0,7,3,0,0,10,201301,3,-1,3,13,33,-13,2013,1,0,0,0,1,0,1089
Patriots,10,7,0,6,0,23,Bills,0,14,7,0,0,21,201301,10,3,-4,2,44,-2,2013,1,0,0,0,1,1,404
Ravens,7,10,0,10,0,27,Broncos,0,14,21,14,0,49,201301,-7,-3,18,22,76,22,2013,1,0,0,0,1,0,1506
Buccaneers,7,7,0,3,0,17,Jets,2,10,0,6,0,18,201301,-5,-2,-2,1,35,1,2013,1,0,0,0,0,0,1004
Titans,7,3,0,14,0,24,Texans,7,0,7,10,6,30,201302,0,-3,4,6,54,6,2013,2,0,0,0,1,1,665
Steelers,3,7,0,0,0,10,Bengals,7,3,7,3,0,20,201302,4,0,7,10,30,10,2013,2,0,0,0,1,1,252
49ers,0,0,3,0,0,3,Seahawks,0,5,7,17,0,29,201302,0,5,9,26,32,26,2013,2,0,0,0,1,1,679
Broncos,0,10,14,17,0,41,Giants,3,6,7,7,0,23,201302,-3,1,8,18,64,-18,2013,2,0,0,0,0,0,1627
Jaguars,0,3,0,6,0,9,Raiders,7,3,3,6,0,19,201302,7,7,10,10,28,10,2013,2,0,0,0,1,0,2361
Saints,10,0,3,3,0,16,Buccaneers,7,0,0,7,0,14,201302,3,3,6,2,30,-2,2013,2,0,0,0,1,1,480
Lions,0,14,7,0,0,21,Cardinals,0,10,6,9,0,25,201302,0,-4,-5,4,46,4,2013,2,0,0,0,1,0,1687
Browns,3,3,0,0,0,6,Ravens,0,0,7,7,0,14,201302,-3,-6,1,8,20,8,2013,2,0,0,0,1,1,307
Cowboys,10,0,3,3,0,16,Chiefs,7,0,7,3,0,17,201302,-3,-3,1,1,33,1,2013,2,0,0,0,0,0,453
Dolphins,14,3,7,0,0,24,Colts,3,14,3,0,0,20,201302,11,0,4,4,44,-4,2013,2,0,0,0,1,0,1026
Washington,0,0,7,13,0,20,Packers,10,14,14,0,0,38,201302,10,24,31,18,58,18,2013,2,0,0,0,1,0,686
Vikings,7,14,3,6,0,30,Bears,14,10,0,7,0,31,201302,7,3,0,1,61,1,2013,2,0,0,0,1,1,355
Panthers,0,7,7,9,0,23,Bills,0,3,11,10,0,24,201302,0,-4,0,1,47,1,2013,2,0,0,0,0,0,539
Rams,0,3,7,14,0,24,Falcons,14,10,0,7,0,31,201302,14,21,14,7,55,7,2013,2,0,0,0,1,0,467
Jets,3,0,7,0,0,10,Patriots,10,3,0,0,0,13,201302,7,10,3,3,23,3,2013,2,0,0,0,1,1,181
Chargers,3,10,7,13,0,33,Eagles,3,7,10,10,0,30,201302,0,3,0,3,63,-3,2013,2,0,0,0,0,0,2367
Raiders,0,7,7,7,0,21,Broncos,10,17,3,7,0,37,201303,10,20,16,16,58,16,2013,3,0,0,0,1,1,939
Bears,17,7,3,13,0,40,Steelers,0,10,10,3,0,23,201303,17,14,7,17,63,-17,2013,3,0,0,0,0,0,409
Jaguars,0,0,10,7,0,17,Seahawks,7,17,14,7,0,45,201303,7,24,28,28,62,28,2013,3,0,0,0,0,0,2451
Bills,0,6,6,8,0,20,Jets,7,10,3,7,0,27,201303,7,11,8,7,47,7,2013,3,0,0,0,1,1,292
Falcons,7,6,7,3,0,23,Dolphins,0,10,10,7,0,27,201303,-7,-3,0,4,50,4,2013,3,0,0,0,0,0,605
Texans,3,6,0,0,0,9,Ravens,0,17,7,6,0,30,201303,-3,8,15,21,39,21,2013,3,0,0,0,1,0,1250
Giants,0,0,0,0,0,0,Panthers,7,10,14,7,0,38,201303,7,17,31,38,38,38,2013,3,0,0,0,1,0,531
Colts,7,3,3,14,0,27,49ers,7,0,0,0,0,7,201303,0,3,6,20,34,-20,2013,3,0,0,0,0,0,1944
Cardinals,7,0,0,0,0,7,Saints,7,7,3,14,0,31,201303,0,7,10,24,38,24,2013,3,0,0,0,1,0,1312
Buccaneers,3,0,0,0,0,3,Patriots,0,17,3,3,0,23,201303,-3,14,17,20,26,20,2013,3,0,0,0,0,0,1169
Browns,7,17,0,7,0,31,Vikings,7,10,7,3,0,27,201303,0,7,0,4,58,-4,2013,3,0,0,0,0,0,629
Chargers,7,3,7,0,0,17,Titans,0,10,0,10,0,20,201303,-7,0,-7,3,37,3,2013,3,0,0,0,1,0,1739
Rams,0,0,7,0,0,7,Cowboys,10,7,7,7,0,31,201303,10,17,17,24,38,24,2013,3,0,0,0,1,0,547
Packers,0,16,14,0,0,30,Bengals,14,0,7,13,0,34,201303,14,-2,-9,4,64,4,2013,3,0,0,0,0,0,412
Chiefs,10,6,0,10,0,26,Eagles,6,0,3,7,0,16,201303,4,10,7,10,42,-10,2013,3,0,0,0,0,0,1034
Lions,7,10,0,10,0,27,Washington,7,7,3,3,0,20,201303,0,3,0,7,47,-7,2013,3,0,0,0,1,0,394
Dolphins,3,7,0,7,0,17,Saints,7,14,14,3,0,38,201304,4,11,25,21,55,21,2013,4,0,0,0,0,0,668
Patriots,0,10,3,17,0,30,Falcons,3,7,0,13,0,23,201304,-3,0,3,7,53,-7,2013,4,0,0,0,0,0,926
Cowboys,0,21,0,0,0,21,Chargers,7,6,7,10,0,30,201304,7,-8,-1,9,51,9,2013,4,0,0,0,0,0,1181
Washington,0,10,7,7,0,24,Raiders,14,0,0,0,0,14,201304,-14,-4,3,10,38,-10,2013,4,0,0,0,0,0,2426
Eagles,3,10,0,7,0,20,Broncos,14,7,21,10,0,52,201304,11,8,29,32,72,32,2013,4,0,0,0,0,0,1574
Jets,0,6,0,7,0,13,Titans,10,14,0,14,0,38,201304,10,18,18,25,51,25,2013,4,0,0,0,1,0,758
Seahawks,3,0,3,14,3,23,Texans,0,20,0,0,0,20,201304,3,-17,-14,3,43,-3,2013,4,0,0,0,0,0,1889
Giants,0,7,0,0,0,7,Chiefs,0,10,7,14,0,31,201304,0,3,10,24,38,24,2013,4,0,0,0,0,0,1093
Cardinals,0,0,0,13,0,13,Buccaneers,7,3,0,0,0,10,201304,-7,-10,-10,3,23,-3,2013,4,0,0,0,1,0,1793
Steelers,7,3,7,10,0,27,Vikings,10,10,14,0,0,34,201304,3,10,17,7,61,7,2013,4,0,0,0,0,0,741
Bears,3,10,3,16,0,32,Lions,3,27,7,3,0,40,201304,0,17,21,8,72,8,2013,4,0,0,0,1,1,238
Bengals,0,3,3,0,0,6,Browns,7,0,3,7,0,17,201304,7,4,4,11,23,11,2013,4,0,0,0,1,1,217
Ravens,0,7,7,6,0,20,Bills,6,14,3,0,0,23,201304,6,13,9,3,43,3,2013,4,0,0,0,1,0,275
49ers,0,14,7,14,0,35,Rams,3,0,0,8,0,11,201304,-3,11,18,24,46,-24,2013,4,0,0,0,1,1,1741
Colts,0,20,14,3,0,37,Jaguars,3,0,0,0,0,3,201304,-3,17,31,34,40,-34,2013,4,0,0,0,1,1,699
Panthers,3,3,0,0,0,6,Cardinals,0,3,9,10,0,22,201305,-3,-3,6,16,28,16,2013,5,0,1,0,1,0,1778
Broncos,7,21,10,13,0,51,Cowboys,14,6,13,15,0,48,201305,-7,8,5,3,99,-3,2013,5,0,0,0,0,0,661
Seahawks,12,7,9,0,0,28,Colts,7,10,6,11,0,34,201305,-5,-2,-5,6,62,6,2013,5,0,0,0,0,0,1867
Chargers,0,0,3,14,0,17,Raiders,14,3,7,3,0,27,201305,14,17,21,10,44,10,2013,5,0,0,0,1,1,454
Jets,3,14,3,10,0,30,Falcons,0,7,7,14,0,28,201305,3,10,6,2,58,-2,2013,5,0,0,0,0,0,745
Texans,0,0,3,0,0,3,49ers,14,7,3,10,0,34,201305,14,21,21,31,37,31,2013,5,0,0,0,0,0,1642
Eagles,3,16,3,14,0,36,Giants,7,0,14,0,0,21,201305,-4,12,1,15,57,-15,2013,5,0,0,0,1,1,80
Lions,0,3,0,6,0,9,Packers,3,3,10,6,0,22,201305,3,3,13,13,31,13,2013,5,0,0,1,1,1,291
Jaguars,10,0,3,7,0,20,Rams,7,17,0,10,0,34,201305,-3,14,11,14,54,14,2013,5,0,0,0,0,0,751
Chiefs,7,6,0,13,0,26,Titans,0,0,10,7,0,17,201305,7,13,3,9,43,-9,2013,5,0,0,0,1,0,471
Patriots,0,3,0,3,0,6,Bengals,0,3,3,7,0,13,201305,0,0,3,7,19,7,2013,5,0,0,0,1,0,732
Saints,6,14,3,3,0,26,Bears,0,7,3,8,0,18,201305,6,13,13,8,44,-8,2013,5,0,0,0,1,0,832
Bills,10,0,14,0,0,24,Browns,0,17,7,13,0,37,201305,-10,7,0,13,61,13,2013,5,0,0,0,1,0,173
Ravens,3,3,10,10,0,26,Dolphins,3,10,0,10,0,23,201305,0,-7,3,3,49,-3,2013,5,0,0,0,1,0,956
Colts,3,3,0,3,0,9,Chargers,0,10,3,6,0,19,201306,-3,4,7,10,28,10,2013,6,0,0,0,1,0,1784
Washington,3,3,10,0,0,16,Cowboys,7,7,7,10,0,31,201306,4,8,5,15,47,15,2013,6,0,1,0,1,1,1181
Saints,7,0,10,10,0,27,Patriots,3,14,3,10,0,30,201306,-4,10,3,3,57,3,2013,6,0,0,0,0,0,1349
Titans,3,7,0,3,0,13,Seahawks,0,7,3,10,0,20,201306,-3,-3,0,7,33,7,2013,6,0,0,0,0,0,1970
Jaguars,0,12,7,0,0,19,Broncos,14,0,14,7,0,35,201306,14,2,9,16,54,16,2013,6,0,0,0,1,0,1465
Rams,7,10,21,0,0,38,Texans,0,6,0,7,0,13,201306,7,11,32,25,51,-25,2013,6,0,0,0,0,0,679
Packers,3,3,10,3,0,19,Ravens,0,0,3,14,0,17,201306,3,6,13,2,36,-2,2013,6,0,0,0,0,0,687
Cardinals,7,7,6,0,0,20,49ers,6,16,0,10,0,32,201306,-1,8,2,12,52,12,2013,6,0,0,0,1,1,652
Steelers,0,9,7,3,0,19,Jets,3,3,0,0,0,6,201306,-3,3,10,13,25,-13,2013,6,0,1,0,1,0,314
Panthers,7,7,14,7,0,35,Vikings,0,3,0,7,0,10,201306,7,11,25,25,45,-25,2013,6,0,0,1,1,0,938
Raiders,0,7,0,0,0,7,Chiefs,0,7,7,10,0,24,201306,0,0,7,17,31,17,2013,6,0,0,0,1,1,1495
Lions,7,0,7,17,0,31,Browns,0,17,0,0,0,17,201306,7,-10,-3,14,48,-14,2013,6,0,0,0,0,0,90
Bengals,10,7,7,0,3,27,Bills,7,3,0,14,0,24,201306,3,7,14,3,51,-3,2013,6,0,0,0,1,0,388
Giants,7,7,7,0,0,21,Bears,7,17,3,0,0,27,201306,0,10,6,6,48,6,2013,6,0,0,0,1,0,711
Eagles,7,7,7,10,0,31,Buccaneers,3,14,0,3,0,20,201306,4,-3,4,11,51,-11,2013,6,0,0,1,1,0,928
Vikings,7,0,0,0,0,7,Giants,3,7,7,6,0,23,201307,-4,3,10,16,30,16,2013,7,0,0,0,1,0,1016
Broncos,7,7,3,16,0,33,Colts,10,16,7,6,0,39,201307,3,12,16,6,72,6,2013,7,0,0,0,1,0,998
Ravens,3,3,0,10,0,16,Steelers,7,3,3,6,0,19,201307,4,4,7,3,35,3,2013,7,0,0,0,1,1,196
Texans,3,7,6,0,0,16,Chiefs,7,7,3,0,0,17,201307,4,4,1,1,33,1,2013,7,0,0,0,1,0,646
Browns,0,3,3,7,0,13,Packers,14,3,0,14,0,31,201307,14,14,11,18,44,18,2013,7,0,0,0,0,0,381
49ers,3,14,7,7,0,31,Titans,0,0,0,17,0,17,201307,3,17,24,14,48,-14,2013,7,0,0,0,0,0,1958
Chargers,7,7,3,7,0,24,Jaguars,0,3,3,0,0,6,201307,7,11,11,18,30,-18,2013,7,0,0,0,1,0,2087
Patriots,14,7,0,6,0,27,Jets,7,3,17,0,3,30,201307,-7,-11,6,3,57,3,2013,7,0,0,0,1,1,181
Bears,10,7,7,17,0,41,Washington,3,21,7,14,0,45,201307,-7,7,7,4,86,4,2013,7,0,0,0,1,0,594
Cowboys,0,3,7,7,0,17,Eagles,0,0,0,3,0,3,201307,0,3,10,14,20,-14,2013,7,0,0,0,1,1,1297
Bills,14,3,0,6,0,23,Dolphins,0,14,7,0,0,21,201307,14,3,-4,2,44,-2,2013,7,0,0,1,1,1,1184
Bengals,7,7,10,3,0,27,Lions,7,3,7,7,0,24,201307,0,4,7,3,51,-3,2013,7,0,0,0,0,0,231
Buccaneers,0,10,7,6,0,23,Falcons,7,17,0,7,0,31,201307,7,14,7,8,54,8,2013,7,0,0,1,1,1,416
Seahawks,7,10,14,3,0,34,Cardinals,0,10,3,9,0,22,201307,7,7,18,12,56,-12,2013,7,0,0,0,1,1,1114
Rams,2,3,7,3,0,15,Panthers,7,10,10,3,0,30,201307,5,12,15,15,45,15,2013,7,0,0,0,1,0,567
Steelers,0,3,0,15,0,18,Raiders,14,7,0,0,0,21,201308,14,18,18,3,39,3,2013,8,0,0,1,1,0,2251
Washington,0,7,14,0,0,21,Broncos,7,0,7,31,0,45,201308,7,0,-7,24,66,24,2013,8,0,0,0,0,0,1489
Jets,0,6,3,0,0,9,Bengals,14,14,14,7,0,49,201308,14,22,33,40,58,40,2013,8,0,0,0,1,0,563
Packers,7,17,7,13,0,44,Vikings,7,10,0,14,0,31,201308,0,7,14,13,75,-13,2013,8,0,0,0,1,1,259
Falcons,3,3,0,7,0,13,Cardinals,0,21,3,3,0,27,201308,-3,15,18,14,40,14,2013,8,0,0,0,1,0,1588
49ers,14,14,7,7,0,42,Jaguars,0,3,7,0,0,10,201308,14,25,25,32,52,-32,2013,8,0,0,0,0,0,2370
Seahawks,0,7,7,0,0,14,Rams,3,0,3,3,0,9,201308,-3,4,8,5,23,-5,2013,8,0,0,0,1,1,1720
Bills,0,10,0,7,0,17,Saints,7,14,7,7,0,35,201308,7,11,18,18,52,18,2013,8,0,0,1,0,0,1086
Dolphins,7,10,0,0,0,17,Patriots,0,3,17,7,0,27,201308,-7,-14,3,10,44,10,2013,8,0,0,0,1,1,1241
Browns,0,10,7,0,0,17,Chiefs,6,14,0,3,0,23,201308,6,10,3,6,40,6,2013,8,0,0,0,1,0,698
Cowboys,0,10,3,17,0,30,Lions,7,0,0,24,0,31,201308,7,-3,-6,1,61,1,2013,8,0,0,0,1,0,999
Panthers,7,7,7,10,0,31,Buccaneers,3,3,0,7,0,13,201308,4,8,15,18,44,-18,2013,8,0,0,0,1,1,511
Giants,6,6,0,3,0,15,Eagles,0,0,0,7,0,7,201308,6,12,12,8,22,-8,2013,8,0,0,0,1,1,80
Bears,7,10,7,3,0,27,Packers,10,0,10,0,0,20,201309,-3,7,4,7,47,-7,2013,9,0,1,0,1,1,185
Colts,0,3,9,15,0,27,Texans,14,7,3,0,0,24,201309,-14,-18,-12,3,51,-3,2013,9,0,1,1,1,1,865
Steelers,0,10,14,7,0,31,Patriots,7,17,3,28,0,55,201309,7,14,3,24,86,24,2013,9,0,0,0,1,0,479
Ravens,3,7,0,8,0,18,Browns,7,7,7,3,0,24,201309,4,4,11,6,42,6,2013,9,0,1,0,1,1,307
Buccaneers,0,21,3,0,0,24,Seahawks,0,7,7,10,3,27,201309,0,-14,-10,3,51,3,2013,9,0,0,0,1,0,2526
Eagles,7,21,21,0,0,49,Raiders,3,10,0,7,0,20,201309,4,15,36,29,69,-29,2013,9,0,0,0,0,0,2508
Falcons,0,10,0,0,0,10,Panthers,7,7,3,17,0,34,201309,7,4,7,24,44,24,2013,9,0,0,0,1,1,226
Chargers,0,14,0,10,0,24,Washington,0,7,7,10,6,30,201309,0,-7,0,6,54,6,2013,9,0,1,0,0,0,2269
Saints,7,7,3,3,0,20,Jets,3,17,3,3,0,26,201309,-4,6,6,6,46,6,2013,9,0,0,0,0,0,1168
Titans,7,0,7,14,0,28,Rams,0,7,7,7,0,21,201309,7,0,0,7,49,-7,2013,9,0,1,0,0,0,253
Vikings,3,7,7,6,0,23,Cowboys,3,3,14,7,0,27,201309,0,-4,3,4,50,4,2013,9,0,0,0,1,0,863
Chiefs,0,3,10,10,0,23,Bills,7,3,3,0,0,13,201309,-7,-7,0,10,36,-10,2013,9,0,0,0,1,0,858
Bengals,0,3,7,10,0,20,Dolphins,0,10,7,3,2,22,201309,0,7,7,2,42,2,2013,9,0,0,0,1,0,957
Dolphins,0,7,12,0,0,19,Buccaneers,10,5,0,7,0,22,201310,10,8,-4,3,41,3,2013,10,0,0,0,0,0,205
Cowboys,3,7,7,0,0,17,Saints,7,21,7,14,0,49,201310,4,18,18,32,66,32,2013,10,0,0,0,1,0,442
Broncos,7,14,7,0,0,28,Chargers,0,6,7,7,0,20,201310,7,15,15,8,48,-8,2013,10,0,1,0,1,1,832
Texans,7,10,0,7,0,24,Cardinals,7,7,6,7,0,27,201310,0,-3,3,3,51,3,2013,10,0,0,1,0,0,1014
Panthers,0,7,0,3,0,10,49ers,3,6,0,0,0,9,201310,-3,-2,-2,1,19,-1,2013,10,0,0,1,1,0,2296
Bills,3,0,0,7,0,10,Steelers,0,10,7,6,0,23,201310,-3,7,14,13,33,13,2013,10,0,0,0,1,0,178
Bengals,0,0,3,14,0,17,Ravens,10,7,0,0,3,20,201310,10,17,14,3,37,3,2013,10,0,0,0,1,1,419
Rams,7,21,10,0,0,38,Colts,0,0,8,0,0,8,201310,7,28,30,30,46,-30,2013,10,0,0,0,0,0,230
Jaguars,10,3,7,9,0,29,Titans,0,7,3,17,0,27,201310,10,6,10,2,56,-2,2013,10,0,1,0,1,1,500
Eagles,7,3,17,0,0,27,Packers,0,3,7,3,0,13,201310,7,7,17,14,40,-14,2013,10,0,0,0,1,0,728
Lions,7,0,7,7,0,21,Bears,7,0,3,9,0,19,201310,0,0,4,2,40,-2,2013,10,0,1,0,1,1,238
Seahawks,3,20,3,7,0,33,Falcons,0,3,7,0,0,10,201310,3,20,16,23,43,-23,2013,10,0,0,0,1,0,2178
Washington,10,14,3,0,0,27,Vikings,7,7,14,6,0,34,201310,-3,-10,1,7,61,7,2013,10,0,0,0,1,0,931
Raiders,10,7,3,0,0,20,Giants,7,7,7,3,0,24,201310,-3,-3,1,4,44,4,2013,10,0,0,1,0,0,2557
Patriots,0,3,7,10,0,20,Panthers,7,3,7,7,0,24,201311,7,7,7,4,44,4,2013,11,0,1,0,0,0,710
Chiefs,0,10,0,7,0,17,Broncos,10,7,7,3,0,27,201311,10,7,14,10,44,10,2013,11,0,1,0,1,1,556
Vikings,3,10,0,7,0,20,Seahawks,10,14,0,17,0,41,201311,7,11,11,21,61,21,2013,11,0,0,0,1,0,1391
Packers,0,6,0,7,0,13,Giants,7,3,10,7,0,27,201311,7,4,14,14,40,14,2013,11,0,0,0,1,0,758
49ers,0,10,7,3,0,20,Saints,7,7,0,9,0,23,201311,7,4,-3,3,43,3,2013,11,0,0,0,1,0,1921
Chargers,7,3,3,3,0,16,Dolphins,3,7,7,3,0,20,201311,-4,0,4,4,36,4,2013,11,0,0,0,1,0,2267
Raiders,14,0,14,0,0,28,Texans,0,17,0,6,0,23,201311,14,-3,11,5,51,-5,2013,11,0,0,0,1,0,1635
Cardinals,7,7,10,3,0,27,Jaguars,14,0,0,0,0,14,201311,-7,0,10,13,41,-13,2013,11,0,0,0,0,0,1791
Lions,0,27,0,0,0,27,Steelers,14,6,3,14,0,37,201311,14,-7,-4,10,64,10,2013,11,0,0,0,0,0,205
Washington,0,0,0,16,0,16,Eagles,7,10,7,0,0,24,201311,7,17,24,8,40,8,2013,11,0,0,0,1,1,123
Browns,13,0,7,0,0,20,Bengals,0,31,0,10,0,41,201311,-13,18,11,21,61,21,2013,11,0,1,0,1,1,217
Ravens,10,7,0,3,0,20,Bears,0,13,0,7,3,23,201311,-10,-4,-4,3,43,3,2013,11,0,0,0,0,0,605
Jets,0,0,7,7,0,14,Bills,0,20,14,3,0,37,201311,0,20,27,23,51,23,2013,11,0,1,0,1,1,292
Colts,0,6,17,7,0,30,Titans,14,3,0,10,0,27,201311,-14,-11,6,3,57,-3,2013,11,0,0,0,1,1,251
Falcons,0,6,7,15,0,28,Buccaneers,3,21,14,3,0,41,201311,3,18,25,13,69,13,2013,11,0,0,0,1,1,416
Jaguars,7,3,0,3,0,13,Texans,0,3,3,0,0,6,201312,7,7,4,7,19,-7,2013,12,0,0,0,1,1,820
49ers,7,3,14,3,0,27,Washington,0,6,0,0,0,6,201312,7,4,18,21,33,-21,2013,12,0,0,0,1,0,2435
Broncos,17,7,0,7,0,31,Patriots,0,0,21,10,3,34,201312,-17,-24,-3,3,65,3,2013,12,0,0,0,1,0,1769
Cowboys,7,7,7,3,0,24,Giants,0,6,7,8,0,21,201312,7,8,8,3,45,-3,2013,12,0,1,0,1,1,1370
Colts,3,0,0,8,0,11,Cardinals,7,20,7,6,0,40,201312,4,24,31,29,51,29,2013,12,0,0,0,0,0,1496
Titans,3,3,7,10,0,23,Raiders,3,6,3,7,0,19,201312,0,-3,1,4,42,-4,2013,12,0,0,0,1,0,1950
Jets,3,0,0,0,0,3,Ravens,3,6,10,0,0,19,201312,0,6,16,16,22,16,2013,12,0,0,0,1,0,169
Buccaneers,3,14,0,7,0,24,Lions,0,14,7,0,0,21,201312,3,3,-4,3,45,-3,2013,12,0,0,0,1,0,994
Bears,7,7,0,7,0,21,Rams,21,3,3,15,0,42,201312,14,10,13,21,63,21,2013,12,0,0,1,1,0,260
Chargers,3,7,14,17,0,41,Chiefs,7,7,14,10,0,38,201312,-4,-4,-4,3,79,-3,2013,12,0,0,0,1,1,1334
Vikings,3,10,7,3,3,26,Packers,7,0,0,16,3,26,201312,-4,6,13,0,52,0,2013,12,0,0,0,1,1,259
Panthers,3,3,7,7,0,20,Dolphins,7,9,0,0,0,16,201312,-4,-10,-3,4,36,-4,2013,12,0,0,0,0,0,654
Steelers,3,10,7,7,0,27,Browns,3,0,0,8,0,11,201312,0,10,17,16,38,-16,2013,12,0,0,0,1,1,114
Saints,7,7,3,0,0,17,Falcons,7,6,0,0,0,13,201312,0,1,4,4,30,-4,2013,12,0,0,0,1,1,424
Saints,0,7,0,0,0,7,Seahawks,17,10,7,0,0,34,201313,17,20,27,27,41,27,2013,13,0,0,1,1,0,2098
Giants,0,14,0,10,0,24,Washington,7,7,3,0,0,17,201313,-7,0,-3,7,41,-7,2013,13,0,0,0,1,1,204
Bengals,0,7,7,3,0,17,Chargers,0,7,0,3,0,10,201313,0,0,7,7,27,-7,2013,13,0,1,0,1,0,1871
Broncos,0,14,14,7,0,35,Chiefs,7,14,0,7,0,28,201313,-7,-7,7,7,63,-7,2013,13,0,0,0,1,1,556
Rams,0,3,3,7,0,13,49ers,3,10,3,7,0,23,201313,3,10,10,10,36,10,2013,13,0,0,0,1,1,1741
Falcons,7,10,7,7,3,34,Bills,14,3,7,7,0,31,201313,-7,0,0,3,65,-3,2013,13,0,0,1,0,0,698
Patriots,7,0,14,13,0,34,Texans,10,7,7,7,0,31,201313,-3,-10,-3,3,65,-3,2013,13,0,0,0,1,0,1597
Buccaneers,6,0,0,0,0,6,Panthers,7,10,7,3,0,27,201313,1,11,18,21,33,21,2013,13,0,0,0,1,1,511
Dolphins,0,6,14,3,0,23,Jets,0,0,3,0,0,3,201313,0,6,17,20,26,-20,2013,13,0,0,0,1,1,1091
Bears,3,3,14,0,0,20,Vikings,0,7,3,10,3,23,201313,-3,1,-10,3,43,3,2013,13,0,0,0,1,1,355
Titans,0,7,7,0,0,14,Colts,6,6,3,7,0,22,201313,6,5,1,8,36,8,2013,13,0,0,0,1,1,251
Jaguars,7,13,0,12,0,32,Browns,7,7,7,7,0,28,201313,0,6,-1,4,60,-4,2013,13,0,0,0,1,0,771
Steelers,0,0,7,13,0,20,Ravens,7,3,6,6,0,22,201313,7,10,9,2,42,2,2013,13,0,0,0,1,1,196
Raiders,7,14,0,3,0,24,Cowboys,7,7,7,10,0,31,201313,0,-7,0,7,55,7,2013,13,0,0,0,0,0,1472
Packers,0,10,0,0,0,10,Lions,0,17,9,14,0,40,201313,0,7,16,30,50,30,2013,13,0,0,0,1,1,291
Cardinals,0,7,7,7,0,21,Eagles,7,10,7,0,0,24,201313,7,10,10,3,45,3,2013,13,0,0,1,1,0,2078
Vikings,0,3,3,20,0,26,Ravens,7,0,0,22,0,29,201314,7,4,1,3,55,3,2013,14,0,0,0,0,0,937
Cowboys,7,7,0,14,0,28,Bears,7,17,11,10,0,45,201314,0,10,21,17,73,17,2013,14,0,0,0,1,0,802
Panthers,6,0,0,7,0,13,Saints,0,21,3,7,0,31,201314,-6,15,18,18,44,18,2013,14,0,0,0,1,1,648
Seahawks,0,14,0,3,0,17,49ers,6,10,0,3,0,19,201314,6,2,2,2,36,2,2013,14,0,0,0,1,1,679
Giants,0,0,7,7,0,14,Chargers,7,17,7,6,0,37,201314,7,24,24,23,51,23,2013,14,0,0,0,0,0,2427
Rams,3,0,0,7,0,10,Cardinals,7,7,9,7,0,30,201314,4,11,20,20,40,20,2013,14,0,0,0,1,1,1270
Titans,14,7,7,0,0,28,Broncos,10,10,14,17,0,51,201314,-4,-1,6,23,79,23,2013,14,0,0,0,1,0,1019
Chiefs,17,21,0,7,0,45,Washington,0,10,0,0,0,10,201314,17,28,28,35,55,-35,2013,14,0,0,0,0,0,940
Texans,0,7,10,3,0,20,Jaguars,7,10,7,3,0,27,201314,7,10,7,7,47,7,2013,14,0,0,0,1,1,820
Dolphins,3,7,14,10,0,34,Steelers,7,0,14,7,0,28,201314,-4,3,3,6,62,-6,2013,14,0,0,0,1,0,1013
Lions,0,8,6,6,0,20,Eagles,0,0,6,28,0,34,201314,0,-8,-8,14,54,14,2013,14,0,0,0,1,0,441
Raiders,0,3,14,10,0,27,Jets,10,10,10,7,0,37,201314,10,17,13,10,64,10,2013,14,0,0,0,1,0,2557
Browns,3,3,13,7,0,26,Patriots,0,0,11,16,0,27,201314,-3,-6,-8,1,53,1,2013,14,0,0,0,1,0,551
Falcons,0,21,0,0,0,21,Packers,7,3,6,6,0,22,201314,7,-11,-5,1,43,1,2013,14,0,0,0,1,0,768
Colts,0,0,14,14,0,28,Bengals,7,7,14,14,0,42,201314,7,14,14,14,70,14,2013,14,0,0,0,1,0,99
Bills,3,0,3,0,0,6,Buccaneers,14,10,3,0,0,27,201314,11,21,21,21,33,21,2013,14,0,0,0,0,0,1051
Chiefs,21,14,14,7,0,56,Raiders,3,14,14,0,0,31,201315,18,18,18,25,87,-25,2013,15,0,0,0,1,1,1495
Bengals,0,7,0,13,0,20,Steelers,21,6,3,0,0,30,201315,21,20,23,10,50,10,2013,15,0,0,0,1,1,252
Saints,0,3,0,13,0,16,Rams,14,10,3,0,0,27,201315,14,21,24,11,43,11,2013,15,0,0,0,1,0,599
Ravens,0,9,3,6,0,18,Lions,7,0,3,6,0,16,201315,-7,2,2,2,34,-2,2013,15,0,0,0,0,0,396
Cardinals,7,3,10,14,3,37,Titans,10,0,7,17,0,34,201315,-3,0,3,3,71,-3,2013,15,0,0,0,0,0,1442
Packers,3,0,14,20,0,37,Cowboys,13,13,3,7,0,36,201315,-10,-23,-12,1,73,-1,2013,15,0,0,0,1,0,937
Jets,3,3,7,7,0,20,Panthers,3,13,0,14,0,30,201315,0,10,3,10,50,10,2013,15,0,0,0,0,0,531
Bills,3,17,0,7,0,27,Jaguars,3,7,3,7,0,20,201315,0,10,7,7,47,-7,2013,15,0,0,0,1,0,880
Bears,0,10,7,21,0,38,Browns,3,7,14,7,0,31,201315,-3,0,-7,7,69,-7,2013,15,0,0,0,0,0,308
Seahawks,3,10,3,7,0,23,Giants,0,0,0,0,0,0,201315,3,13,16,23,23,-23,2013,15,0,0,0,1,0,2401
Chargers,3,14,7,3,0,27,Broncos,10,0,0,10,0,20,201315,-7,7,14,7,47,-7,2013,15,0,0,0,1,1,832
Washington,7,13,0,6,0,26,Falcons,14,3,7,3,0,27,201315,7,-3,4,1,53,1,2013,15,0,0,0,1,0,541
49ers,7,10,3,13,0,33,Buccaneers,0,7,0,7,0,14,201315,7,10,13,19,47,-19,2013,15,0,0,0,1,0,2396
Patriots,3,7,0,10,0,20,Dolphins,0,7,3,14,0,24,201315,-3,-3,0,4,44,4,2013,15,0,0,0,1,1,1241
Eagles,3,6,13,8,0,30,Vikings,7,10,10,21,0,48,201315,4,8,5,18,78,18,2013,15,0,0,0,1,0,983
Texans,3,0,0,0,0,3,Colts,7,13,5,0,0,25,201315,4,17,22,22,28,22,2013,15,0,0,0,1,1,865
Bears,0,3,8,0,0,11,Eagles,21,3,9,21,0,54,201316,21,21,22,43,65,43,2013,16,0,0,0,1,0,664
Patriots,14,3,3,21,0,41,Ravens,0,0,0,7,0,7,201316,14,17,20,34,48,-34,2013,16,0,0,0,1,0,350
Raiders,0,10,0,3,0,13,Chargers,3,7,10,6,0,26,201316,3,0,10,13,39,13,2013,16,0,0,0,1,1,454
Steelers,7,3,21,7,0,38,Packers,7,7,7,10,0,31,201316,0,-4,10,7,69,-7,2013,16,0,0,0,0,0,496
Cardinals,0,3,3,11,0,17,Seahawks,0,3,0,7,0,10,201316,0,0,3,7,27,-7,2013,16,0,0,0,1,1,1114
Giants,3,10,0,7,3,23,Lions,0,3,9,8,0,20,201316,3,10,1,3,43,-3,2013,16,0,0,0,1,0,480
Broncos,3,13,0,21,0,37,Texans,3,3,7,0,0,13,201316,0,10,3,24,50,-24,2013,16,0,0,0,1,0,878
Falcons,0,10,0,14,0,24,49ers,3,0,10,21,0,34,201316,3,-7,3,10,58,10,2013,16,0,0,0,1,0,2135
Saints,0,6,0,7,0,13,Panthers,0,7,3,7,0,17,201316,0,1,4,4,30,4,2013,16,0,0,0,1,1,648
Cowboys,7,7,0,10,0,24,Washington,3,3,14,3,0,23,201316,4,8,-6,1,47,-1,2013,16,0,0,0,1,1,1181
Browns,3,7,0,3,0,13,Jets,0,10,0,14,0,24,201316,-3,0,0,11,37,11,2013,16,0,0,0,1,0,403
Buccaneers,7,3,3,0,0,13,Rams,0,14,3,6,0,23,201316,-7,4,4,10,36,10,2013,16,0,0,0,1,0,861
Colts,0,13,10,0,0,23,Chiefs,7,0,0,0,0,7,201316,-7,6,16,16,30,-16,2013,16,0,0,0,1,0,451
Vikings,7,0,7,0,0,14,Bengals,14,14,14,0,0,42,201316,7,21,28,28,56,28,2013,16,0,0,0,0,0,604
Dolphins,0,0,0,0,0,0,Bills,3,7,0,9,0,19,201316,3,10,10,19,19,19,2013,16,0,0,0,1,1,1184
Titans,3,3,7,7,0,20,Jaguars,7,6,3,0,0,16,201316,-4,-7,-3,4,36,-4,2013,16,0,0,0,1,1,500
Eagles,3,14,0,7,0,24,Cowboys,0,10,6,6,0,22,201317,3,7,1,2,46,-2,2013,17,0,0,0,1,1,1297
Rams,0,0,3,6,0,9,Seahawks,7,6,7,7,0,27,201317,7,13,17,18,36,18,2013,17,0,0,0,1,1,1720
Chiefs,14,7,3,0,0,24,Chargers,7,7,0,10,3,27,201317,-7,-7,-10,3,51,3,2013,17,0,0,0,1,1,1334
49ers,17,0,0,6,0,23,Cardinals,0,7,0,13,0,20,201317,17,10,10,3,43,-3,2013,17,0,0,0,1,1,652
Buccaneers,7,7,3,0,0,17,Saints,14,14,7,7,0,42,201317,7,14,18,25,59,25,2013,17,0,0,0,1,1,480
Bills,3,0,7,10,0,20,Patriots,6,10,0,18,0,34,201317,3,13,6,14,54,14,2013,17,0,0,0,1,1,404
Broncos,14,17,0,3,0,34,Raiders,0,0,0,14,0,14,201317,14,31,31,20,48,-20,2013,17,0,0,0,1,1,939
Packers,0,13,7,13,0,33,Bears,7,0,14,7,0,28,201317,-7,6,-1,5,61,-5,2013,17,0,0,0,1,1,185
Washington,0,6,0,0,0,6,Giants,0,10,7,3,0,20,201317,0,4,11,14,26,14,2013,17,0,0,0,1,1,204
Lions,0,0,7,6,0,13,Vikings,7,0,0,7,0,14,201317,7,7,0,1,27,1,2013,17,0,0,0,1,1,542
Jets,0,14,0,6,0,20,Dolphins,0,7,0,0,0,7,201317,0,7,7,13,27,-13,2013,17,0,0,0,1,1,1091
Jaguars,0,3,0,7,0,10,Colts,17,3,7,3,0,30,201317,17,17,24,20,40,20,2013,17,0,0,0,1,1,699
Texans,7,0,0,3,0,10,Titans,0,6,7,3,0,16,201317,-7,-1,6,6,26,6,2013,17,0,0,0,1,1,665
Panthers,0,14,7,0,0,21,Falcons,7,3,7,3,0,20,201317,-7,4,4,1,41,-1,2013,17,0,0,0,1,1,226
Browns,0,0,0,7,0,7,Steelers,7,7,3,3,0,20,201317,7,14,17,13,27,13,2013,17,0,0,0,1,1,114
Ravens,6,0,11,0,0,17,Bengals,7,10,0,17,0,34,201317,1,11,0,17,51,17,2013,17,0,0,0,1,1,419
Chiefs,10,21,10,3,0,44,Colts,7,3,21,14,0,45,201318,-3,-21,-10,1,89,1,2013,18,1,0,0,1,0,451
Saints,0,6,14,6,0,26,Eagles,0,7,7,10,0,24,201318,0,-1,6,2,50,-2,2013,18,1,0,0,1,0,1088
Chargers,7,0,10,10,0,27,Bengals,0,10,0,0,0,10,201318,7,-3,7,17,37,-17,2013,18,1,0,0,1,0,1871
49ers,6,7,0,10,0,23,Packers,0,10,0,10,0,20,201318,6,3,3,3,43,-3,2013,18,1,0,0,1,0,1834
Chargers,0,0,0,17,0,17,Broncos,7,7,3,7,0,24,201319,7,14,17,7,41,7,2013,19,1,0,1,1,1,832
49ers,6,7,7,3,0,23,Panthers,0,10,0,0,0,10,201319,6,3,10,13,33,-13,2013,19,1,0,1,1,0,2296
Colts,7,5,10,0,0,22,Patriots,14,7,8,14,0,43,201319,7,9,7,21,65,21,2013,19,1,0,1,1,0,805
Saints,0,0,0,15,0,15,Seahawks,6,10,0,7,0,23,201319,6,16,16,8,38,8,2013,19,1,0,1,1,0,2098
Patriots,0,3,0,13,0,16,Broncos,3,10,7,6,0,26,201320,3,10,17,10,42,10,2013,20,1,0,0,1,0,1769
49ers,3,7,7,0,0,17,Seahawks,0,3,10,10,0,23,201320,-3,-7,-4,6,40,6,2013,20,1,0,0,1,1,679
Seahawks,8,14,14,7,0,43,Broncos,0,0,8,0,0,8,201322,8,22,28,35,51,-35,2013,22,1,1,1,0,0,1019
Chargers,0,3,14,0,0,17,Cardinals,0,6,0,12,0,18,201401,0,3,-11,1,35,1,2014,1,0,0,0,0,0,298
Giants,0,7,0,7,0,14,Lions,14,0,13,8,0,35,201401,14,7,20,21,49,21,2014,1,0,0,0,1,0,480
Colts,0,7,3,14,0,24,Broncos,3,21,0,7,0,31,201401,3,17,14,7,55,7,2014,1,0,0,0,1,0,998
Panthers,0,10,0,10,0,20,Buccaneers,0,0,0,14,0,14,201401,0,10,10,6,34,-6,2014,1,0,0,0,1,1,511
49ers,21,7,0,0,0,28,Cowboys,3,0,7,7,0,17,201401,18,25,18,11,45,-11,2014,1,0,0,0,1,0,1480
Washington,0,6,0,0,0,6,Texans,0,14,0,3,0,17,201401,0,8,8,11,23,11,2014,1,0,0,0,0,0,1217
Browns,3,0,14,10,0,27,Steelers,10,17,0,3,0,30,201401,7,24,10,3,57,3,2014,1,0,0,0,1,1,114
Bengals,6,9,0,8,0,23,Ravens,0,0,7,9,0,16,201401,6,15,8,7,39,-7,2014,1,0,0,0,1,1,419
Raiders,7,0,0,7,0,14,Jets,3,7,3,6,0,19,201401,-4,3,6,5,33,5,2014,1,0,0,0,1,0,2557
Patriots,10,10,0,0,0,20,Dolphins,7,3,13,10,0,33,201401,-3,-10,3,13,53,13,2014,1,0,0,0,1,1,1241
Vikings,3,10,7,14,0,34,Rams,0,0,3,3,0,6,201401,3,13,17,28,40,-28,2014,1,0,0,0,1,0,466
Titans,0,10,10,6,0,26,Chiefs,0,3,0,7,0,10,201401,0,7,17,16,36,-16,2014,1,0,0,0,1,0,471
Bills,7,10,0,3,3,23,Bears,7,0,10,3,0,20,201401,0,10,0,3,43,-3,2014,1,0,0,0,0,0,453
Saints,6,14,0,14,0,34,Falcons,0,10,14,10,3,37,201401,-6,-10,4,3,71,3,2014,1,0,0,0,1,1,424
Packers,7,3,0,6,0,16,Seahawks,3,14,5,14,0,36,201401,-4,7,12,20,52,20,2014,1,0,0,0,1,0,1645
Jaguars,14,3,0,0,0,17,Eagles,0,0,14,20,0,34,201401,-14,-17,-3,17,51,17,2014,1,0,0,0,0,0,758
Seahawks,7,7,7,0,0,21,Chargers,3,17,7,3,0,30,201402,-4,6,6,9,51,9,2014,2,0,0,0,0,0,1063
Eagles,3,3,14,10,0,30,Colts,7,10,3,7,0,27,201402,-4,-11,0,3,57,-3,2014,2,0,0,0,0,0,582
Bears,0,7,0,21,0,28,49ers,10,7,3,0,0,20,201402,-10,-10,-13,8,48,-8,2014,2,0,0,0,1,0,1853
Texans,14,3,10,3,0,30,Raiders,0,0,0,14,0,14,201402,14,17,27,16,44,-16,2014,2,0,0,0,1,0,1635
Jets,14,7,3,0,0,24,Packers,3,13,15,0,0,31,201402,-11,-5,7,7,55,7,2014,2,0,0,0,0,0,758
Chiefs,3,7,0,7,0,17,Broncos,7,14,0,3,0,24,201402,4,11,11,7,41,7,2014,2,0,0,0,1,1,556
Rams,7,3,3,6,0,19,Buccaneers,7,0,7,3,0,17,201402,0,3,-1,2,36,-2,2014,2,0,0,0,1,0,861
Lions,0,0,7,0,0,7,Panthers,0,6,7,11,0,24,201402,0,6,6,17,31,17,2014,2,0,0,0,1,0,504
Dolphins,0,0,10,0,0,10,Bills,6,3,14,6,0,29,201402,6,9,13,19,39,19,2014,2,0,0,0,1,1,1184
Cardinals,10,0,0,15,0,25,Giants,0,7,7,0,0,14,201402,10,3,-4,11,39,-11,2014,2,0,0,0,1,0,2139
Patriots,10,14,3,3,0,30,Vikings,7,0,0,0,0,7,201402,3,17,20,23,37,-23,2014,2,0,0,0,0,0,1128
Cowboys,3,13,7,3,0,26,Titans,0,0,10,0,0,10,201402,3,16,13,16,36,-16,2014,2,0,0,0,0,0,616
Saints,0,10,7,7,0,24,Browns,10,6,7,3,0,26,201402,10,6,6,2,50,2,2014,2,0,0,0,0,0,924
Falcons,3,0,0,7,0,10,Bengals,3,7,14,0,0,24,201402,0,7,21,14,34,14,2014,2,0,0,0,0,0,374
Steelers,0,3,3,0,0,6,Ravens,7,3,7,9,0,26,201402,7,7,11,20,32,20,2014,2,0,0,0,1,1,196
Jaguars,0,7,0,3,0,10,Washington,7,14,3,17,0,41,201402,7,14,17,31,51,31,2014,2,0,0,0,0,0,647
49ers,7,7,0,0,0,14,Cardinals,3,3,14,3,0,23,201403,-4,-8,6,9,37,9,2014,3,0,0,0,1,1,652
Colts,10,20,0,14,0,44,Jaguars,0,0,3,14,0,17,201403,10,30,27,27,61,-27,2014,3,0,0,0,1,1,699
Bears,14,3,7,3,0,27,Jets,3,10,3,3,0,19,201403,11,4,8,8,46,-8,2014,3,0,0,0,0,0,711
Washington,14,6,7,7,0,34,Eagles,7,14,6,10,0,37,201403,-7,1,0,3,71,3,2014,3,0,0,0,1,1,123
Broncos,3,0,0,17,0,20,Seahawks,3,14,0,3,6,26,201403,0,14,14,6,46,6,2014,3,0,0,0,0,0,1019
Steelers,3,6,14,14,0,37,Panthers,3,0,3,13,0,19,201403,0,6,17,18,56,-18,2014,3,0,0,0,0,0,363
Chiefs,0,14,7,13,0,34,Dolphins,0,3,12,0,0,15,201403,0,11,6,19,49,-19,2014,3,0,0,0,1,0,1242
Texans,0,0,10,7,0,17,Giants,0,14,3,13,0,30,201403,0,14,7,13,47,13,2014,3,0,0,0,0,0,1417
Ravens,3,7,7,6,0,23,Browns,7,0,14,0,0,21,201403,-4,3,-4,2,44,-2,2014,3,0,0,0,1,1,307
Raiders,3,0,6,0,0,9,Patriots,0,10,0,6,0,16,201403,-3,7,1,7,25,7,2014,3,0,0,0,1,0,2690
Cowboys,0,10,10,14,0,34,Rams,7,14,0,10,0,31,201403,-7,-11,-1,3,65,-3,2014,3,0,0,0,1,0,547
Packers,7,0,0,0,0,7,Lions,7,5,0,7,0,19,201403,0,5,5,12,26,12,2014,3,0,0,0,1,1,291
Titans,0,0,0,7,0,7,Bengals,10,9,7,7,0,33,201403,10,19,26,26,40,26,2014,3,0,0,0,1,0,243
Chargers,7,6,7,2,0,22,Bills,0,3,7,0,0,10,201403,7,10,10,12,32,-12,2014,3,0,0,0,1,0,2183
Buccaneers,0,0,0,14,0,14,Falcons,21,14,21,0,0,56,201403,21,35,56,42,70,42,2014,3,0,0,0,1,1,416
Vikings,0,6,3,0,0,9,Saints,13,0,0,7,0,20,201403,13,7,4,11,29,11,2014,3,0,0,0,1,0,1052
Patriots,0,0,7,7,0,14,Chiefs,7,10,10,14,0,41,201404,7,17,20,27,55,27,2014,4,0,0,0,1,0,1249
Saints,0,0,3,14,0,17,Cowboys,7,17,7,7,0,38,201404,7,24,28,21,55,21,2014,4,0,0,0,1,0,442
Eagles,7,14,0,0,0,21,49ers,3,10,10,3,0,26,201404,-4,-8,2,5,47,5,2014,4,0,0,0,1,0,2516
Falcons,7,7,14,0,0,28,Vikings,14,10,3,14,0,41,201404,7,10,-1,13,69,13,2014,4,0,0,0,1,0,908
Jaguars,0,14,0,0,0,14,Chargers,3,14,10,6,0,33,201404,3,3,13,19,47,19,2014,4,0,0,0,1,0,2087
Bills,0,10,0,7,0,17,Texans,0,7,10,6,0,23,201404,0,-3,7,6,40,6,2014,4,0,0,0,1,0,1285
Panthers,0,7,3,0,0,10,Ravens,0,21,7,10,0,38,201404,0,14,18,28,48,28,2014,4,0,0,0,0,0,364
Buccaneers,10,0,7,10,0,27,Steelers,10,7,7,0,0,24,201404,0,-7,-7,3,51,-3,2014,4,0,0,0,0,0,874
Lions,3,14,0,7,0,24,Jets,3,0,7,7,0,17,201404,0,14,7,7,41,-7,2014,4,0,0,0,0,0,480
Dolphins,3,21,14,0,0,38,Raiders,7,0,0,7,0,14,201404,-4,17,31,24,52,-24,2014,4,0,0,0,1,0,2582
Titans,0,10,7,0,0,17,Colts,14,6,14,7,0,41,201404,14,10,17,24,58,24,2014,4,0,0,0,1,1,251
Packers,7,14,10,7,0,38,Bears,7,10,0,0,0,17,201404,0,4,14,21,55,-21,2014,4,0,0,0,1,1,185
Giants,7,17,7,14,0,45,Washington,0,7,7,0,0,14,201404,7,17,17,31,59,-31,2014,4,0,0,0,1,1,204
Seahawks,7,10,0,10,0,27,Washington,0,7,3,7,0,17,201405,7,10,7,10,44,-10,2014,5,0,1,0,1,0,2322
Bengals,0,3,14,0,0,17,Patriots,14,6,14,9,0,43,201405,14,17,17,26,60,26,2014,5,0,1,0,1,0,732
Chiefs,7,3,7,0,0,17,49ers,3,10,3,6,0,22,201405,-4,3,-1,5,39,5,2014,5,0,0,0,0,0,1503
Jets,0,0,0,0,0,0,Chargers,7,14,7,3,0,31,201405,7,21,28,31,31,31,2014,5,0,0,0,1,0,2427
Cardinals,6,7,7,0,0,20,Broncos,7,14,3,17,0,41,201405,1,8,4,21,61,21,2014,5,0,1,1,0,0,585
Steelers,0,10,0,7,0,17,Jaguars,3,3,3,0,0,9,201405,-3,4,1,8,26,-8,2014,5,0,0,0,1,0,704
Bears,14,7,3,0,0,24,Panthers,7,7,7,10,0,31,201405,-7,-7,-3,7,55,7,2014,5,0,0,0,1,0,586
Vikings,0,0,0,10,0,10,Packers,14,14,14,0,0,42,201405,14,28,42,32,52,32,2014,5,0,0,0,1,1,259
Falcons,7,6,7,0,0,20,Giants,7,3,7,13,0,30,201405,0,-3,-3,10,50,10,2014,5,0,0,0,1,0,745
Buccaneers,0,10,14,7,0,31,Saints,6,7,7,11,6,37,201405,6,3,-4,6,68,6,2014,5,0,0,0,1,1,480
Ravens,0,3,0,10,0,13,Colts,3,3,7,7,0,20,201405,3,3,10,7,33,7,2014,5,0,0,0,1,0,509
Browns,0,10,3,16,0,29,Titans,7,21,0,0,0,28,201405,-7,-18,-15,1,57,-1,2014,5,0,1,0,1,0,458
Bills,0,3,3,11,0,17,Lions,7,7,0,0,0,14,201405,-7,-11,-8,3,31,-3,2014,5,0,0,0,0,0,215
Texans,0,0,7,10,0,17,Cowboys,0,3,7,7,3,20,201405,0,3,3,3,37,3,2014,5,0,0,0,0,0,225
Rams,0,7,7,14,0,28,Eagles,13,7,14,0,0,34,201405,13,13,20,6,62,6,2014,5,0,1,0,1,0,808
Chargers,7,7,7,10,0,31,Raiders,7,7,7,7,0,28,201406,0,0,0,3,59,-3,2014,6,0,0,1,1,1,454
49ers,0,10,14,7,0,31,Rams,14,0,0,3,0,17,201406,-14,-4,10,14,48,-14,2014,6,0,0,0,1,1,1741
Giants,0,0,0,0,0,0,Eagles,10,10,7,0,0,27,201406,10,20,27,27,27,27,2014,6,0,0,0,1,1,80
Cowboys,7,10,3,10,0,30,Seahawks,10,0,10,3,0,23,201406,-3,7,0,7,53,-7,2014,6,0,0,0,1,0,1679
Washington,0,13,0,7,0,20,Cardinals,7,7,3,13,0,30,201406,7,1,4,10,50,10,2014,6,0,0,0,1,0,1977
Bears,0,13,6,8,0,27,Falcons,3,0,10,0,0,13,201406,-3,10,6,14,40,-14,2014,6,0,0,0,1,0,587
Ravens,28,10,7,3,0,48,Buccaneers,0,0,10,7,0,17,201406,28,38,35,31,65,-31,2014,6,0,0,0,0,0,852
Broncos,3,14,7,7,0,31,Jets,7,0,3,7,0,17,201406,-4,10,14,14,48,-14,2014,6,0,0,0,1,0,1627
Lions,7,3,0,7,0,17,Vikings,0,0,0,3,0,3,201406,7,10,10,14,20,-14,2014,6,0,0,0,1,1,542
Packers,7,3,7,10,0,27,Dolphins,3,0,7,14,0,24,201406,4,7,7,3,51,-3,2014,6,0,0,1,0,0,1366
Jaguars,7,0,0,7,0,14,Titans,3,7,3,3,0,16,201406,-4,3,6,2,30,2,2014,6,0,0,0,1,1,500
Steelers,3,0,0,7,0,10,Browns,0,21,3,7,0,31,201406,-3,18,21,21,41,21,2014,6,0,0,0,1,1,114
Panthers,7,3,14,10,3,37,Bengals,0,17,0,17,3,37,201406,7,-7,7,0,74,0,2014,6,0,0,0,0,0,336
Patriots,0,13,10,14,0,37,Bills,0,7,7,8,0,22,201406,0,6,9,15,59,-15,2014,6,0,0,0,1,1,404
Colts,24,3,6,0,0,33,Texans,0,14,7,7,0,28,201406,24,13,12,5,61,-5,2014,6,0,0,0,1,1,865
49ers,0,10,0,7,0,17,Broncos,14,7,21,0,0,42,201407,14,11,32,25,59,25,2014,7,0,0,0,0,0,947
Cardinals,7,7,7,3,0,24,Raiders,0,10,3,0,0,13,201407,7,4,8,11,37,-11,2014,7,0,0,0,0,0,646
Giants,0,14,0,7,0,21,Cowboys,7,7,7,10,0,31,201407,7,0,7,10,52,10,2014,7,0,0,0,1,1,1370
Chiefs,0,10,3,10,0,23,Chargers,7,7,0,6,0,20,201407,-7,-4,-1,3,43,-3,2014,7,0,1,0,1,1,1334
Falcons,0,0,0,7,0,7,Ravens,7,10,3,9,0,29,201407,7,17,20,22,36,22,2014,7,0,0,0,0,0,576
Browns,3,3,0,0,0,6,Jaguars,0,7,3,14,0,24,201407,-3,1,4,18,30,18,2014,7,0,0,0,1,0,771
Titans,3,7,0,7,0,17,Washington,3,3,7,6,0,19,201407,0,-4,3,2,36,2,2014,7,0,0,0,0,0,566
Texans,7,6,0,10,0,23,Steelers,0,24,0,6,0,30,201407,-7,11,11,7,53,7,2014,7,0,0,0,1,0,1136
Bengals,0,0,0,0,0,0,Colts,3,7,7,10,0,27,201407,3,10,17,27,27,27,2014,7,0,0,0,1,0,99
Panthers,0,3,0,14,0,17,Packers,21,7,10,0,0,38,201407,21,25,35,21,55,21,2014,7,0,0,0,1,0,745
Saints,0,10,7,6,0,23,Lions,0,3,7,14,0,24,201407,0,-7,-7,1,47,1,2014,7,0,1,0,1,0,939
Dolphins,7,7,7,6,0,27,Bears,0,0,7,7,0,14,201407,7,14,14,13,41,-13,2014,7,0,0,0,0,0,1189
Vikings,3,10,0,3,0,16,Bills,0,10,0,7,0,17,201407,-3,-3,-3,1,33,1,2014,7,0,0,0,0,0,729
Jets,6,6,7,6,0,25,Patriots,7,10,3,7,0,27,201407,1,5,1,2,52,2,2014,7,0,0,0,1,1,181
Seahawks,3,3,7,13,0,26,Rams,7,14,0,7,0,28,201407,4,15,8,2,54,2,2014,7,0,0,0,1,1,1720
Washington,3,0,7,7,3,20,Cowboys,0,7,3,7,0,17,201408,3,-4,0,3,37,-3,2014,8,0,0,0,1,1,1181
Packers,10,6,0,7,0,23,Saints,10,6,14,14,0,44,201408,0,0,14,21,67,21,2014,8,0,0,0,1,0,1012
Colts,3,17,14,0,0,34,Steelers,7,28,7,9,0,51,201408,4,15,8,17,85,17,2014,8,0,0,0,1,0,328
Raiders,0,6,0,7,0,13,Browns,6,3,0,14,0,23,201408,6,3,3,10,36,10,2014,8,0,0,0,1,0,2153
Eagles,7,0,10,3,0,20,Cardinals,0,7,7,10,0,24,201408,-7,0,-3,4,44,4,2014,8,0,1,0,1,0,2078
Dolphins,0,10,14,3,0,27,Jaguars,0,3,3,7,0,13,201408,0,7,18,14,40,-14,2014,8,0,0,0,1,0,327
Seahawks,0,3,3,7,0,13,Panthers,3,3,0,3,0,9,201408,-3,-3,0,4,22,-4,2014,8,0,0,0,1,0,2280
Bills,14,10,6,13,0,43,Jets,0,17,0,6,0,23,201408,14,7,13,20,66,-20,2014,8,0,0,0,1,1,292
Bears,0,7,8,8,0,23,Patriots,7,31,7,6,0,51,201408,7,31,30,28,74,28,2014,8,0,0,0,0,0,853
Rams,7,0,0,0,0,7,Chiefs,0,10,10,14,0,34,201408,-7,3,13,27,41,27,2014,8,0,0,0,0,0,237
Texans,0,13,14,3,0,30,Titans,3,0,6,7,0,16,201408,-3,10,18,14,46,-14,2014,8,0,0,0,1,1,665
Ravens,0,6,8,10,0,24,Bengals,7,0,10,10,0,27,201408,7,1,3,3,51,3,2014,8,0,0,0,1,1,419
Lions,0,0,10,12,0,22,Falcons,14,7,0,0,0,21,201408,-14,-21,-11,1,43,-1,2014,8,0,0,0,1,0,597
Chargers,0,7,7,7,0,21,Broncos,0,14,14,7,0,35,201408,0,7,14,14,56,14,2014,8,0,0,0,1,1,832
Vikings,0,3,7,3,6,19,Buccaneers,0,0,0,13,0,13,201408,0,3,10,6,32,-6,2014,8,0,0,1,1,0,1318
Rams,3,7,0,3,0,13,49ers,3,7,0,0,0,10,201409,0,0,0,3,23,-3,2014,9,0,0,1,1,1,1741
Colts,3,13,21,3,0,40,Giants,0,3,7,14,0,24,201409,3,13,27,16,64,-16,2014,9,0,0,1,0,0,643
Ravens,7,3,0,13,0,23,Steelers,0,22,0,21,0,43,201409,-7,12,12,20,66,20,2014,9,0,0,0,1,1,196
Raiders,3,0,14,7,0,24,Seahawks,14,10,0,6,0,30,201409,11,21,7,6,54,6,2014,9,0,0,0,0,0,677
Broncos,7,0,14,0,0,21,Patriots,3,24,10,6,0,43,201409,-4,20,16,22,64,22,2014,9,0,0,0,1,0,1769
Eagles,7,10,7,7,0,31,Texans,7,7,0,7,0,21,201409,0,3,10,10,52,-10,2014,9,0,0,0,0,0,1339
Washington,3,7,10,6,0,26,Vikings,0,7,7,15,0,29,201409,-3,-3,-6,3,55,3,2014,9,0,0,0,1,0,931
Chargers,0,0,0,0,0,0,Dolphins,7,13,17,0,0,37,201409,7,20,37,37,37,37,2014,9,0,0,0,1,0,2267
Jets,0,10,0,0,0,10,Chiefs,14,7,3,0,0,24,201409,14,11,14,14,34,14,2014,9,0,0,0,1,0,1093
Cardinals,0,14,0,14,0,28,Cowboys,10,0,0,7,0,17,201409,-10,4,4,11,45,-11,2014,9,0,0,0,1,0,884
Buccaneers,0,10,7,0,0,17,Browns,3,6,7,6,0,22,201409,3,-1,-1,5,39,5,2014,9,0,0,0,0,0,937
Jaguars,3,0,7,13,0,23,Bengals,0,12,7,14,0,33,201409,-3,9,9,10,56,10,2014,9,0,0,0,1,0,630
Saints,0,14,7,7,0,28,Panthers,0,0,7,3,0,10,201409,0,14,14,18,38,-18,2014,9,0,0,0,1,1,648
Panthers,7,0,0,14,0,21,Eagles,17,14,7,7,0,45,201410,10,24,31,24,66,24,2014,10,0,0,0,1,0,450
Bears,0,0,7,7,0,14,Packers,14,28,6,7,0,55,201410,14,42,41,41,69,41,2014,10,0,1,1,1,1,185
Giants,7,10,0,0,0,17,Seahawks,7,7,3,21,0,38,201410,0,-3,0,21,55,21,2014,10,0,0,0,1,0,2401
Rams,7,7,0,0,0,14,Cardinals,0,10,0,21,0,31,201410,-7,-4,-4,17,45,17,2014,10,0,0,0,1,1,1270
Broncos,3,17,21,0,0,41,Raiders,3,7,0,7,0,17,201410,0,10,31,24,58,-24,2014,10,0,0,0,1,1,939
Titans,7,0,0,0,0,7,Ravens,0,7,7,7,0,21,201410,-7,0,7,14,28,14,2014,10,0,1,0,1,0,595
Cowboys,10,14,7,0,0,31,Jaguars,7,0,0,10,0,17,201410,3,17,24,14,48,-14,2014,10,0,0,0,0,0,906
Falcons,7,6,3,11,0,27,Buccaneers,3,7,0,7,0,17,201410,4,3,6,10,44,-10,2014,10,0,1,0,1,1,416
Steelers,0,3,0,10,0,13,Jets,17,0,3,0,0,20,201410,17,14,17,7,33,7,2014,10,0,0,0,1,0,314
49ers,14,7,0,3,3,27,Saints,3,7,7,7,0,24,201410,11,11,4,3,51,-3,2014,10,0,0,0,1,0,1921
Dolphins,0,3,10,3,0,16,Lions,10,0,0,10,0,20,201410,10,7,-3,4,36,4,2014,10,0,0,1,0,0,1155
Chiefs,3,0,0,14,0,17,Bills,7,3,3,0,0,13,201410,-4,-7,-10,4,30,-4,2014,10,0,0,1,1,0,858
Browns,7,10,7,0,0,24,Bengals,3,0,0,0,0,3,201410,4,14,21,21,27,-21,2014,10,0,0,0,1,1,217
Steelers,13,0,0,14,0,27,Titans,7,10,7,0,0,24,201411,6,-4,-11,3,51,-3,2014,11,0,0,0,1,0,471
Patriots,7,7,14,14,0,42,Colts,3,7,3,7,0,20,201411,4,4,15,22,62,-22,2014,11,0,1,1,1,0,805
Lions,3,3,0,0,0,6,Cardinals,14,0,0,0,0,14,201411,11,8,8,8,20,8,2014,11,0,0,0,1,0,1687
Eagles,0,6,7,7,0,20,Packers,17,13,9,14,0,53,201411,17,24,26,33,73,33,2014,11,0,0,0,1,0,728
Raiders,3,0,0,3,0,6,Chargers,7,3,3,0,0,13,201411,4,7,10,7,19,7,2014,11,0,0,1,1,1,454
Falcons,0,6,10,3,0,19,Panthers,0,3,0,14,0,17,201411,0,3,13,2,36,-2,2014,11,0,0,0,1,1,226
Buccaneers,10,3,7,7,0,27,Washington,0,7,0,0,0,7,201411,10,6,13,20,34,-20,2014,11,0,0,1,1,0,818
Bills,3,3,3,0,0,9,Dolphins,3,0,9,10,0,22,201411,0,-3,3,13,31,13,2014,11,0,0,0,1,1,1184
Bengals,7,6,7,7,0,27,Saints,3,0,0,7,0,10,201411,4,10,17,17,37,-17,2014,11,0,0,0,0,0,711
Broncos,0,7,0,0,0,7,Rams,10,3,3,6,0,22,201411,10,6,9,15,29,15,2014,11,0,0,0,0,0,794
Seahawks,0,13,7,0,0,20,Chiefs,7,7,3,7,0,24,201411,7,1,-3,4,44,4,2014,11,0,0,0,0,0,1502
Texans,7,7,3,6,0,23,Browns,0,7,0,0,0,7,201411,7,7,10,16,30,-16,2014,11,0,1,0,1,0,1113
Vikings,10,0,0,3,0,13,Bears,0,14,0,7,0,21,201411,-10,4,4,8,34,8,2014,11,0,1,0,1,1,355
49ers,3,6,7,0,0,16,Giants,7,0,3,0,0,10,201411,-4,2,6,6,26,-6,2014,11,0,0,0,1,0,2565
Rams,3,7,7,7,0,24,Chargers,3,3,14,7,0,27,201412,0,-4,3,3,51,3,2014,12,0,0,0,0,0,1561
Ravens,7,7,10,10,0,34,Saints,7,10,0,10,0,27,201412,0,-3,7,7,61,-7,2014,12,0,1,0,0,0,999
Jets,3,0,0,0,0,3,Bills,7,7,17,7,0,38,201412,4,11,28,35,41,35,2014,12,0,1,0,1,1,292
Cowboys,3,7,14,7,0,31,Giants,7,14,0,7,0,28,201412,-4,-11,3,3,59,-3,2014,12,0,1,0,1,1,1370
Washington,0,7,3,3,0,13,49ers,7,3,0,7,0,17,201412,7,3,0,4,30,4,2014,12,0,0,0,1,0,2435
Cardinals,0,3,0,0,0,3,Seahawks,3,6,10,0,0,19,201412,3,6,16,16,22,16,2014,12,0,0,0,1,1,1114
Bengals,7,2,7,6,0,22,Texans,0,3,10,0,0,13,201412,7,6,3,9,35,-9,2014,12,0,0,0,1,0,897
Dolphins,7,14,7,8,0,36,Broncos,3,14,0,22,0,39,201412,-4,-4,-11,3,75,3,2014,12,0,0,0,1,0,1724
Lions,3,3,0,3,0,9,Patriots,7,17,3,7,0,34,201412,4,18,21,25,43,25,2014,12,0,0,0,0,0,615
Packers,7,7,3,7,0,24,Vikings,0,10,3,8,0,21,201412,7,4,4,3,45,-3,2014,12,0,0,0,1,1,259
Titans,0,17,0,7,0,24,Eagles,17,10,7,9,0,43,201412,17,10,17,19,67,19,2014,12,0,0,0,0,0,683
Jaguars,3,0,0,0,0,3,Colts,3,3,14,3,0,23,201412,0,3,17,20,26,20,2014,12,0,1,0,1,1,699
Buccaneers,0,10,0,3,0,13,Bears,0,0,21,0,0,21,201412,0,-10,11,8,34,8,2014,12,0,0,0,1,0,1004
Browns,7,6,10,3,0,26,Falcons,7,7,0,10,0,24,201412,0,-1,9,2,50,-2,2014,12,0,0,0,0,0,555
Chiefs,0,3,7,10,0,20,Raiders,7,7,3,7,0,24,201412,7,11,7,4,44,4,2014,12,0,0,0,1,1,1495
Broncos,14,6,3,6,0,29,Chiefs,0,7,3,6,0,16,201413,14,13,13,13,45,-13,2014,13,0,0,0,1,1,556
Patriots,0,14,0,7,0,21,Packers,13,10,0,3,0,26,201413,13,9,9,5,47,5,2014,13,0,0,0,0,0,869
Cardinals,0,10,0,8,0,18,Falcons,17,3,3,6,0,29,201413,17,10,13,11,47,11,2014,13,0,0,0,1,0,1588
Titans,0,0,14,7,0,21,Texans,14,10,7,14,0,45,201413,14,24,17,24,66,24,2014,13,0,0,0,1,1,665
Chargers,7,3,3,21,0,34,Ravens,10,6,7,10,0,33,201413,-3,-6,-10,1,67,-1,2014,13,0,0,0,1,0,2291
Giants,0,21,0,3,0,24,Jaguars,0,3,13,9,0,25,201413,0,-18,-5,1,49,1,2014,13,0,0,0,0,0,835
Bengals,0,7,7,0,0,14,Buccaneers,3,7,0,3,0,13,201413,-3,-3,4,1,27,-1,2014,13,0,0,0,0,0,783
Dolphins,0,3,3,10,0,16,Jets,7,3,3,0,0,13,201413,-7,-7,-7,3,29,-3,2014,13,0,0,0,1,1,1091
Panthers,3,3,7,0,0,13,Vikings,14,14,0,3,0,31,201413,11,22,15,18,44,18,2014,13,0,1,0,1,0,938
Raiders,0,0,0,0,0,0,Rams,21,17,0,14,0,52,201413,21,38,38,52,52,52,2014,13,0,0,0,0,0,1733
Washington,3,7,14,3,0,27,Colts,7,14,21,7,0,49,201413,4,11,18,22,76,22,2014,13,0,0,0,0,0,490
Browns,3,0,0,7,0,10,Bills,0,0,14,12,0,26,201413,-3,-3,11,16,36,16,2014,13,0,0,0,1,0,173
Seahawks,7,6,3,3,0,19,49ers,0,0,3,0,0,3,201413,7,13,13,16,22,-16,2014,13,0,0,0,1,1,679
Eagles,14,9,7,3,0,33,Cowboys,0,7,3,0,0,10,201413,14,16,20,23,43,-23,2014,13,0,0,0,1,1,1297
Bears,14,0,3,0,0,17,Lions,3,21,0,10,0,34,201413,-11,10,7,17,51,17,2014,13,0,0,0,1,1,238
Saints,0,14,14,7,0,35,Steelers,3,3,7,19,0,32,201413,-3,8,15,3,67,-3,2014,13,0,0,1,0,0,919
Falcons,7,0,10,20,0,37,Packers,7,24,3,9,0,43,201414,0,24,17,6,80,6,2014,14,0,0,0,1,0,768
Patriots,3,10,0,10,0,23,Chargers,0,14,0,0,0,14,201414,3,-1,-1,9,37,-9,2014,14,0,0,0,1,0,2580
Seahawks,0,10,14,0,0,24,Eagles,7,0,7,0,0,14,201414,-7,3,10,10,38,-10,2014,14,0,0,0,1,0,2373
49ers,7,3,3,0,0,13,Raiders,3,7,7,7,0,24,201414,-4,0,4,11,37,11,2014,14,0,0,0,0,0,8
Chiefs,7,7,0,0,0,14,Cardinals,3,3,11,0,0,17,201414,-4,-8,3,3,31,3,2014,14,0,0,0,0,0,1047
Bills,0,3,0,14,0,17,Broncos,7,7,10,0,0,24,201414,7,11,21,7,41,7,2014,14,0,0,0,1,0,1366
Texans,3,7,7,10,0,27,Jaguars,7,6,0,0,0,13,201414,-4,-3,4,14,40,-14,2014,14,0,0,0,1,1,820
Rams,0,6,18,0,0,24,Washington,0,0,0,0,0,0,201414,0,6,24,24,24,-24,2014,14,0,0,0,1,0,708
Panthers,17,7,14,3,0,41,Saints,0,3,0,7,0,10,201414,17,21,35,31,51,-31,2014,14,0,0,0,1,1,648
Ravens,0,7,7,14,0,28,Dolphins,10,0,0,3,0,13,201414,-10,-3,4,15,41,-15,2014,14,0,0,0,1,0,956
Giants,17,6,10,3,0,36,Titans,0,0,7,0,0,7,201414,17,23,26,29,43,-29,2014,14,0,0,0,0,0,758
Buccaneers,0,10,0,7,0,17,Lions,7,10,10,7,0,34,201414,7,7,17,17,51,17,2014,14,0,0,0,1,0,994
Colts,0,7,9,9,0,25,Browns,7,7,7,3,0,24,201414,-7,-7,-5,1,49,-1,2014,14,0,0,0,1,0,262
Steelers,0,10,7,25,0,42,Bengals,0,14,7,0,0,21,201414,0,-4,-4,21,63,-21,2014,14,0,0,0,1,1,252
Cowboys,0,14,21,6,0,41,Bears,0,7,0,21,0,28,201414,0,7,28,13,69,-13,2014,14,0,0,0,1,0,802
Jets,12,3,3,6,0,24,Vikings,14,7,0,3,6,30,201414,2,6,3,6,54,6,2014,14,0,0,0,0,0,1016
Jaguars,6,6,0,0,0,12,Ravens,7,3,7,3,0,20,201415,1,-2,5,8,32,8,2014,15,0,0,0,1,0,681
Cowboys,14,7,7,10,0,38,Eagles,0,10,14,3,0,27,201415,14,11,4,11,65,-11,2014,15,0,0,0,1,1,1297
49ers,0,7,0,0,0,7,Seahawks,3,0,7,7,0,17,201415,3,-4,3,10,24,10,2014,15,0,0,0,1,1,679
Vikings,7,7,0,0,0,14,Lions,0,10,3,3,0,16,201415,-7,-4,-1,2,30,2,2014,15,0,0,0,1,1,542
Broncos,3,6,7,6,0,22,Chargers,0,3,0,7,0,10,201415,3,6,13,12,32,-12,2014,15,0,0,0,1,1,832
Jets,0,3,7,6,0,16,Titans,3,2,6,0,0,11,201415,-3,-2,-1,5,27,-5,2014,15,0,0,0,1,0,758
Buccaneers,7,3,0,7,0,17,Panthers,6,3,7,3,0,19,201415,-1,-1,6,2,36,2,2014,15,0,0,0,1,1,511
Saints,0,14,10,7,0,31,Bears,0,0,0,15,0,15,201415,0,14,24,16,46,-16,2014,15,0,0,0,1,0,832
Dolphins,3,10,0,0,0,13,Patriots,7,7,24,3,0,41,201415,4,1,25,28,54,28,2014,15,0,0,0,1,1,1241
Raiders,0,3,3,7,0,13,Chiefs,7,3,21,0,0,31,201415,7,7,25,18,44,18,2014,15,0,0,0,1,1,1495
Texans,7,0,0,3,0,10,Colts,0,14,0,3,0,17,201415,-7,7,7,7,27,7,2014,15,0,0,0,1,1,865
Bengals,10,10,3,7,0,30,Browns,0,0,0,0,0,0,201415,10,20,23,30,30,-30,2014,15,0,0,0,1,1,217
Packers,3,7,0,3,0,13,Bills,7,3,6,5,0,21,201415,4,0,6,8,34,8,2014,15,0,0,0,0,0,470
Steelers,6,14,0,7,0,27,Falcons,0,7,6,7,0,20,201415,6,13,7,7,47,-7,2014,15,0,0,0,0,0,521
Cardinals,0,6,3,3,0,12,Rams,3,0,0,3,0,6,201415,-3,3,6,6,18,-6,2014,15,0,0,0,1,1,1270
Washington,3,7,3,0,0,13,Giants,7,0,10,7,0,24,201415,4,-3,4,11,37,11,2014,15,0,0,0,1,1,204
Broncos,7,0,21,0,0,28,Bengals,7,13,7,10,0,37,201416,0,13,-1,9,65,9,2014,16,0,0,0,1,0,1093
Bills,7,3,0,14,0,24,Raiders,0,13,6,7,0,26,201416,-7,3,9,2,50,2,2014,16,0,0,0,1,0,2286
Colts,0,0,0,7,0,7,Cowboys,14,14,7,7,0,42,201416,14,28,35,35,49,35,2014,16,0,0,0,0,0,763
Giants,10,10,14,3,0,37,Rams,3,10,7,7,0,27,201416,7,7,14,10,64,-10,2014,16,0,0,0,1,0,871
Ravens,0,0,7,6,0,13,Texans,3,13,3,6,0,25,201416,3,16,12,12,38,12,2014,16,0,0,0,1,0,1250
Browns,0,3,3,7,0,13,Panthers,3,7,0,7,0,17,201416,3,7,4,4,30,4,2014,16,0,0,0,0,0,435
Packers,7,3,0,10,0,20,Buccaneers,0,3,0,0,0,3,201416,7,7,7,17,23,-17,2014,16,0,0,0,1,0,1185
Seahawks,0,14,0,21,0,35,Cardinals,0,3,3,0,0,6,201416,0,11,8,29,41,-29,2014,16,0,0,0,1,1,1114
Patriots,0,7,3,7,0,17,Jets,0,10,3,3,0,16,201416,0,-3,-3,1,33,-1,2014,16,0,0,0,1,1,181
Falcons,3,10,7,10,0,30,Saints,7,0,0,7,0,14,201416,-4,6,13,16,44,-16,2014,16,0,0,0,1,1,424
Vikings,7,10,0,18,0,35,Dolphins,0,7,7,23,0,37,201416,-7,-10,-3,2,72,2,2014,16,0,0,0,0,0,1513
Lions,7,0,3,10,0,20,Bears,0,7,7,0,0,14,201416,7,0,-4,6,34,-6,2014,16,0,0,0,1,1,238
Chargers,0,7,14,14,3,38,49ers,7,21,7,0,0,35,201416,-7,-21,-14,3,73,-3,2014,16,0,0,0,0,0,458
Eagles,7,7,0,10,0,24,Washington,10,0,14,3,0,27,201416,3,-4,10,3,51,3,2014,16,0,0,0,1,1,123
Titans,7,3,0,3,0,13,Jaguars,0,7,7,7,0,21,201416,-7,-3,4,8,34,8,2014,16,0,0,0,1,1,500
Chiefs,3,3,0,6,0,12,Steelers,3,7,7,3,0,20,201416,0,4,11,8,32,8,2014,16,0,0,0,1,0,779
Bengals,7,3,0,7,0,17,Steelers,7,13,0,7,0,27,201417,0,10,10,10,44,10,2014,17,0,0,0,1,1,252
Rams,3,3,0,0,0,6,Seahawks,0,0,6,14,0,20,201417,-3,-6,0,14,26,14,2014,17,0,0,0,1,1,1720
Cardinals,7,10,0,0,0,17,49ers,7,6,7,0,0,20,201417,0,-4,3,3,37,3,2014,17,0,0,0,1,1,652
Lions,0,7,7,6,0,20,Packers,7,7,7,9,0,30,201417,7,7,7,10,50,10,2014,17,0,0,0,1,1,291
Raiders,7,0,7,0,0,14,Broncos,10,10,10,17,0,47,201417,3,13,16,33,61,33,2014,17,0,0,0,1,1,939
Panthers,10,14,10,0,0,34,Falcons,0,3,0,0,0,3,201417,10,21,31,31,37,-31,2014,17,0,0,0,1,1,226
Jaguars,10,0,7,0,0,17,Texans,7,7,0,9,0,23,201417,-3,4,-3,6,40,6,2014,17,0,0,0,1,1,820
Browns,0,3,7,0,0,10,Ravens,0,3,0,17,0,20,201417,0,0,-7,10,30,10,2014,17,0,0,0,1,1,307
Saints,0,7,0,16,0,23,Buccaneers,3,17,0,0,0,20,201417,-3,-13,-13,3,43,-3,2014,17,0,0,0,1,1,480
Eagles,14,3,7,10,0,34,Giants,10,6,3,7,0,26,201417,4,1,5,8,60,-8,2014,17,0,0,0,1,1,80
Bills,7,10,0,0,0,17,Patriots,3,3,3,0,0,9,201417,4,11,8,8,26,-8,2014,17,0,0,0,1,1,404
Bears,0,3,3,3,0,9,Vikings,3,0,7,3,0,13,201417,3,0,4,4,22,4,2014,17,0,0,0,1,1,355
Jets,7,7,10,13,0,37,Dolphins,3,14,7,0,0,24,201417,4,-3,0,13,61,-13,2014,17,0,0,0,1,1,1091
Chargers,0,7,0,0,0,7,Chiefs,3,13,3,0,0,19,201417,3,9,12,12,26,12,2014,17,0,0,0,1,1,1334
Colts,7,10,0,10,0,27,Titans,0,7,3,0,0,10,201417,7,10,7,17,37,-17,2014,17,0,0,0,1,1,251
Cowboys,17,10,0,17,0,44,Washington,7,3,0,7,0,17,201417,10,17,17,27,61,-27,2014,17,0,0,0,1,1,1181
Cardinals,0,14,0,2,0,16,Panthers,10,3,14,0,0,27,201418,10,-1,13,11,43,11,2014,18,1,0,0,1,0,1778
Ravens,0,10,10,10,0,30,Steelers,3,6,0,8,0,17,201418,-3,1,11,13,47,-13,2014,18,1,0,0,1,1,196
Bengals,7,3,0,0,0,10,Colts,7,6,10,3,0,26,201418,0,3,13,16,36,16,2014,18,1,0,0,1,0,99
Lions,14,3,3,0,0,20,Cowboys,0,7,7,10,0,24,201418,-14,-10,-6,4,44,4,2014,18,1,0,0,1,0,999
Colts,0,14,7,3,0,24,Broncos,7,3,0,3,0,13,201419,-7,4,11,11,37,-11,2014,19,1,0,1,1,0,998
Cowboys,7,7,7,0,0,21,Packers,7,3,10,6,0,26,201419,0,-4,-1,5,47,5,2014,19,1,0,1,1,0,937
Ravens,14,7,7,3,0,31,Patriots,7,7,14,7,0,35,201419,-7,-7,0,4,66,4,2014,19,1,0,1,1,0,350
Panthers,0,10,0,7,0,17,Seahawks,7,7,0,17,0,31,201419,7,4,4,14,48,14,2014,19,1,0,1,1,0,2280
Packers,13,3,0,6,0,22,Seahawks,0,0,7,15,6,28,201420,-13,-16,-9,6,50,6,2014,20,1,0,0,1,0,1645
Colts,0,7,0,0,0,7,Patriots,14,3,21,7,0,45,201420,14,10,31,38,52,38,2014,20,1,0,0,1,0,805
Patriots,0,14,0,14,0,28,Seahawks,0,14,10,0,0,24,201422,0,0,-10,4,52,-4,2014,22,1,1,1,0,0,2495
Eagles,0,3,14,7,0,24,Falcons,3,17,0,6,0,26,201501,3,17,3,2,50,2,2015,1,0,0,0,1,0,665
Vikings,0,0,0,3,0,3,49ers,0,7,3,10,0,20,201501,0,7,10,17,23,17,2015,1,0,0,0,1,0,1581
Giants,3,10,3,10,0,26,Cowboys,3,3,7,14,0,27,201501,0,-7,-3,1,53,1,2015,1,0,0,0,1,1,1370
Titans,21,14,7,0,0,42,Buccaneers,0,7,0,7,0,14,201501,21,28,35,28,56,-28,2015,1,0,0,0,0,0,621
Bengals,7,17,9,0,0,33,Raiders,0,0,0,13,0,13,201501,7,24,33,20,46,-20,2015,1,0,0,0,1,0,2032
Ravens,0,3,10,0,0,13,Broncos,6,3,7,3,0,19,201501,6,6,3,6,32,6,2015,1,0,0,0,1,0,1506
Saints,3,7,3,6,0,19,Cardinals,7,7,3,14,0,31,201501,4,4,4,12,50,12,2015,1,0,0,0,1,0,1312
Lions,7,14,0,7,0,28,Chargers,3,7,10,13,0,33,201501,-4,-11,-1,5,61,5,2015,1,0,0,0,0,0,1968
Panthers,3,7,7,3,0,20,Jaguars,3,6,0,0,0,9,201501,0,1,8,11,29,-11,2015,1,0,0,0,0,0,341
Dolphins,0,7,0,10,0,17,Washington,3,7,0,0,0,10,201501,-3,-3,-3,7,27,-7,2015,1,0,0,0,0,0,924
Browns,0,10,0,0,0,10,Jets,0,14,10,7,0,31,201501,0,4,14,21,41,21,2015,1,0,0,0,1,0,403
Seahawks,7,3,3,18,0,31,Rams,0,10,14,7,3,34,201501,-7,0,11,3,65,3,2015,1,0,0,0,1,1,1720
Packers,7,3,7,14,0,31,Bears,3,10,3,7,0,23,201501,4,-3,1,8,54,-8,2015,1,0,0,0,1,1,185
Colts,0,0,8,6,0,14,Bills,7,10,7,3,0,27,201501,7,17,16,13,41,13,2015,1,0,0,0,1,0,434
Steelers,0,3,8,10,0,21,Patriots,0,14,7,7,0,28,201501,0,11,10,7,49,7,2015,1,0,0,0,1,0,479
Chiefs,14,13,0,0,0,27,Texans,6,3,0,11,0,20,201501,8,18,18,7,47,-7,2015,1,0,0,0,1,0,646
Rams,0,0,10,0,0,10,Washington,10,7,0,7,0,24,201502,10,17,7,14,34,14,2015,2,0,0,0,1,0,708
Jets,7,3,0,10,0,20,Colts,0,0,0,7,0,7,201502,7,10,10,13,27,-13,2015,2,0,0,0,1,0,643
Seahawks,3,0,14,0,0,17,Packers,10,3,3,11,0,27,201502,7,10,-1,10,44,10,2015,2,0,0,0,1,0,1645
Cowboys,3,3,7,7,0,20,Eagles,0,0,0,10,0,10,201502,3,6,13,10,30,-10,2015,2,0,0,0,1,1,1297
Dolphins,3,10,7,0,0,20,Jaguars,10,10,0,3,0,23,201502,7,7,0,3,43,3,2015,2,0,0,0,1,0,327
Ravens,10,10,0,13,0,33,Raiders,10,10,10,7,0,37,201502,0,0,10,4,70,4,2015,2,0,0,0,1,0,2442
Texans,3,0,7,7,0,17,Panthers,0,10,7,7,0,24,201502,-3,7,7,7,41,7,2015,2,0,0,0,0,0,925
49ers,0,3,0,15,0,18,Steelers,8,21,0,14,0,43,201502,8,26,26,25,61,25,2015,2,0,0,0,0,0,2260
Patriots,14,10,13,3,0,40,Bills,7,6,0,19,0,32,201502,7,11,24,8,72,-8,2015,2,0,0,0,1,1,404
Buccaneers,3,7,13,3,0,26,Saints,0,7,0,12,0,19,201502,3,3,16,7,45,-7,2015,2,0,0,0,1,1,480
Lions,0,10,0,6,0,16,Vikings,7,10,6,3,0,26,201502,7,7,13,10,42,10,2015,2,0,0,0,1,1,542
Titans,0,0,7,7,0,14,Browns,14,7,0,7,0,28,201502,14,21,14,14,42,14,2015,2,0,0,0,1,0,458
Chargers,3,3,7,6,0,19,Bengals,7,7,3,7,0,24,201502,4,8,4,5,43,5,2015,2,0,0,0,1,0,1871
Cardinals,14,14,14,6,0,48,Bears,7,13,3,0,0,23,201502,7,8,19,25,71,-25,2015,2,0,0,0,1,0,1450
Broncos,0,14,3,14,0,31,Chiefs,0,14,3,7,0,24,201502,0,0,0,7,55,-7,2015,2,0,0,0,1,1,556
Falcons,7,3,0,14,0,24,Giants,0,13,7,0,0,20,201502,7,-3,-10,4,44,-4,2015,2,0,0,0,1,0,745
Buccaneers,0,9,0,0,0,9,Texans,7,0,3,9,0,19,201503,7,-2,1,10,28,10,2015,3,0,0,0,0,0,790
Chiefs,0,7,7,14,0,28,Packers,14,10,7,7,0,38,201503,14,17,17,10,66,10,2015,3,0,0,0,0,0,503
Bengals,7,7,0,14,0,28,Ravens,0,0,7,17,0,24,201503,7,14,7,4,52,-4,2015,3,0,0,0,1,1,419
Bears,0,0,0,0,0,0,Seahawks,3,3,14,6,0,26,201503,3,6,20,26,26,26,2015,3,0,0,0,1,0,1732
Broncos,0,14,0,10,0,24,Lions,0,6,6,0,0,12,201503,0,8,2,12,36,-12,2015,3,0,0,0,0,0,1154
Bills,14,13,0,14,0,41,Dolphins,0,0,8,6,0,14,201503,14,27,19,27,55,-27,2015,3,0,0,0,1,1,1184
Saints,3,7,6,6,0,22,Panthers,0,10,10,7,0,27,201503,-3,0,4,5,49,5,2015,3,0,0,0,1,1,648
49ers,0,7,0,0,0,7,Cardinals,14,17,9,7,0,47,201503,14,24,33,40,54,40,2015,3,0,0,0,1,1,652
Jaguars,0,3,7,7,0,17,Patriots,10,10,17,14,0,51,201503,10,17,27,34,68,34,2015,3,0,0,0,1,0,1003
Chargers,0,7,0,7,0,14,Vikings,3,7,14,7,0,31,201503,3,3,17,17,45,17,2015,3,0,0,0,0,0,1530
Steelers,3,6,0,3,0,12,Rams,0,3,0,3,0,6,201503,3,6,6,6,18,-6,2015,3,0,0,0,0,0,557
Colts,7,7,0,21,0,35,Titans,0,10,17,6,0,33,201503,7,4,-13,2,68,-2,2015,3,0,0,0,1,1,251
Falcons,7,10,8,14,0,39,Cowboys,14,14,0,0,0,28,201503,-7,-11,-3,11,67,-11,2015,3,0,0,0,1,0,719
Raiders,3,14,3,7,0,27,Browns,0,3,7,10,0,20,201503,3,14,10,7,47,-7,2015,3,0,0,0,1,0,2153
Washington,0,6,0,15,0,21,Giants,12,3,3,14,0,32,201503,12,9,12,11,53,11,2015,3,0,0,0,1,1,204
Eagles,3,21,0,0,0,24,Jets,0,7,0,10,0,17,201503,3,17,17,7,41,-7,2015,3,0,0,0,0,0,80
Lions,0,3,0,7,0,10,Seahawks,0,10,3,0,0,13,201504,0,7,10,3,23,3,2015,4,0,0,0,1,0,1933
Packers,7,0,10,0,0,17,49ers,0,3,0,0,0,3,201504,7,4,14,14,20,-14,2015,4,0,0,0,1,0,1834
Rams,7,3,7,7,0,24,Cardinals,3,6,3,10,0,22,201504,4,1,5,2,46,-2,2015,4,0,0,0,1,1,1270
Vikings,0,10,0,10,0,20,Broncos,3,10,7,3,0,23,201504,3,3,10,3,43,3,2015,4,0,0,0,0,0,698
Browns,3,10,3,11,0,27,Chargers,7,6,7,10,0,30,201504,4,0,4,3,57,3,2015,4,0,0,0,1,0,2030
Eagles,0,0,13,7,0,20,Washington,6,7,3,7,0,23,201504,6,13,3,3,43,3,2015,4,0,0,0,1,1,123
Panthers,10,7,14,6,0,37,Buccaneers,3,7,7,6,0,23,201504,7,7,14,14,60,-14,2015,4,0,0,0,1,1,511
Cowboys,3,7,3,7,0,20,Saints,7,0,6,7,6,26,201504,4,-3,0,6,46,6,2015,4,0,0,0,1,0,442
Chiefs,3,9,3,6,0,21,Bengals,14,0,15,7,0,36,201504,11,2,14,15,57,15,2015,4,0,0,0,1,0,542
Raiders,0,14,3,3,0,20,Bears,6,10,0,6,0,22,201504,6,2,-1,2,42,2,2015,4,0,0,0,0,0,1845
Giants,9,7,0,8,0,24,Bills,3,0,0,7,0,10,201504,6,13,13,14,34,-14,2015,4,0,0,0,0,0,292
Texans,0,0,0,21,0,21,Falcons,7,21,14,6,0,48,201504,7,28,42,27,69,27,2015,4,0,0,0,0,0,700
Jets,10,10,7,0,0,27,Dolphins,0,7,0,7,0,14,201504,10,13,20,13,41,-13,2015,4,0,0,0,1,1,1091
Ravens,7,0,7,6,3,23,Steelers,3,10,7,0,0,20,201504,4,-6,-6,3,43,-3,2015,4,0,0,0,1,1,196
Jaguars,3,10,0,0,0,13,Colts,3,7,0,3,3,16,201504,0,-3,-3,3,29,3,2015,4,0,0,0,1,1,699
Steelers,0,3,7,14,0,24,Chargers,7,0,0,13,0,20,201505,-7,-4,3,4,44,-4,2015,5,0,0,0,1,0,2113
49ers,3,3,7,14,0,27,Giants,3,10,7,10,0,30,201505,0,7,7,3,57,3,2015,5,0,0,0,1,0,2565
Broncos,0,3,6,7,0,16,Raiders,0,7,0,3,0,10,201505,0,-4,2,6,26,-6,2015,5,0,0,0,1,1,939
Patriots,3,10,7,10,0,30,Cowboys,3,0,3,0,0,6,201505,0,10,14,24,36,-24,2015,5,0,1,0,0,0,1545
Cardinals,0,28,7,7,0,42,Lions,7,0,0,10,0,17,201505,-7,21,28,25,59,-25,2015,5,0,0,0,1,0,1687
Browns,3,6,7,14,3,33,Ravens,14,0,7,9,0,30,201505,-11,-5,-5,3,63,-3,2015,5,0,0,0,1,1,307
Jaguars,0,14,10,7,0,31,Buccaneers,3,17,11,7,0,38,201505,3,6,7,7,69,7,2015,5,0,0,0,0,0,171
Saints,7,0,3,7,0,17,Eagles,0,10,16,13,0,39,201505,-7,3,16,22,56,22,2015,5,0,0,0,1,0,1088
Bills,0,0,7,7,0,14,Titans,0,3,7,3,0,13,201505,0,-3,-3,1,27,-1,2015,5,0,0,1,1,0,626
Rams,0,10,0,0,0,10,Packers,14,0,7,3,0,24,201505,14,4,11,14,34,14,2015,5,0,0,0,1,0,422
Seahawks,7,3,14,0,0,24,Bengals,7,0,0,17,3,27,201505,0,-3,-17,3,51,3,2015,5,0,0,0,0,0,1967
Washington,0,7,0,12,0,19,Falcons,0,3,3,13,6,25,201505,0,-4,-1,6,44,6,2015,5,0,0,0,1,0,541
Colts,10,3,7,7,0,27,Texans,0,10,7,3,0,20,201505,10,3,3,7,47,-7,2015,5,0,0,0,1,1,865
Bears,3,0,3,12,0,18,Chiefs,7,10,0,0,0,17,201505,-4,-14,-11,1,35,-1,2015,5,0,0,0,0,0,410
Texans,7,3,0,21,0,31,Jaguars,0,7,7,6,0,20,201506,7,3,-4,11,51,-11,2015,6,0,0,0,1,1,820
Giants,7,0,0,0,0,7,Eagles,7,10,7,3,0,27,201506,0,10,17,20,34,20,2015,6,0,0,0,1,1,80
Ravens,0,6,7,7,0,20,49ers,6,10,3,6,0,25,201506,6,10,6,5,45,5,2015,6,0,0,0,0,0,2451
Chargers,3,7,7,3,0,20,Packers,14,3,7,3,0,27,201506,11,7,7,7,47,7,2015,6,0,0,0,0,0,1758
Panthers,0,7,7,13,0,27,Seahawks,3,7,10,3,0,23,201506,-3,-3,-6,4,50,-4,2015,6,0,1,0,1,0,2280
Cardinals,7,3,0,3,0,13,Steelers,0,3,12,10,0,25,201506,-7,-7,5,12,38,12,2015,6,0,0,0,0,0,1824
Patriots,7,13,7,7,0,34,Colts,7,14,0,6,0,27,201506,0,-1,6,7,61,-7,2015,6,0,0,0,1,0,805
Chiefs,0,0,0,10,0,10,Vikings,3,7,3,3,0,16,201506,3,10,13,6,26,6,2015,6,0,0,1,0,0,411
Falcons,0,7,0,14,0,21,Saints,14,0,10,7,0,31,201506,14,7,17,10,52,10,2015,6,0,0,0,1,1,424
Bengals,7,10,14,3,0,34,Bills,7,7,0,7,0,21,201506,0,3,17,13,55,-13,2015,6,0,0,0,1,0,388
Washington,7,6,0,7,0,20,Jets,7,3,17,7,0,34,201506,0,-3,14,14,54,14,2015,6,0,0,1,0,0,204
Bears,3,10,3,18,0,34,Lions,7,14,3,10,3,37,201506,4,8,8,3,71,3,2015,6,0,0,0,1,1,238
Dolphins,10,7,7,14,0,38,Titans,3,0,7,0,0,10,201506,7,14,14,28,48,-28,2015,6,0,1,0,1,0,816
Broncos,3,7,3,10,3,26,Browns,0,0,7,16,0,23,201506,3,10,6,3,49,-3,2015,6,0,0,0,1,0,1223
Ravens,3,7,0,8,0,18,Cardinals,7,7,6,6,0,26,201507,4,4,10,8,44,8,2015,7,0,0,0,0,0,2000
Eagles,0,6,10,0,0,16,Panthers,7,7,7,6,0,27,201507,7,8,5,11,43,11,2015,7,0,0,0,1,0,450
Cowboys,3,10,0,7,0,20,Giants,0,10,10,7,0,27,201507,-3,-3,7,7,47,7,2015,7,0,1,0,1,1,1370
Raiders,10,20,7,0,0,37,Chargers,3,3,0,23,0,29,201507,7,24,31,8,66,-8,2015,7,0,1,0,1,1,454
Buccaneers,10,14,0,6,0,30,Washington,0,7,14,10,0,31,201507,-10,-17,-3,1,61,1,2015,7,0,1,0,1,0,818
Texans,0,0,13,13,0,26,Dolphins,21,20,0,3,0,44,201507,21,41,28,18,70,18,2015,7,0,0,0,1,0,966
Jets,3,7,7,6,0,23,Patriots,3,10,3,14,0,30,201507,0,3,-1,7,53,7,2015,7,0,0,0,1,1,181
Steelers,3,0,7,3,0,13,Chiefs,3,6,7,7,0,23,201507,0,6,6,10,36,10,2015,7,0,0,0,1,0,779
Saints,7,13,7,0,0,27,Colts,0,0,14,7,0,21,201507,7,20,13,6,48,-6,2015,7,0,0,0,0,0,713
Falcons,0,3,7,0,0,10,Titans,0,7,0,0,0,7,201507,0,-4,3,3,17,-3,2015,7,0,0,0,0,0,215
Vikings,3,12,10,3,0,28,Lions,14,3,0,2,0,19,201507,-11,-2,8,9,47,-9,2015,7,0,0,0,1,1,542
Bills,3,10,0,18,0,31,Jaguars,0,27,0,7,0,34,201507,-3,14,14,3,65,3,2015,7,0,0,0,1,0,880
Seahawks,7,10,0,3,0,20,49ers,0,0,3,0,0,3,201507,7,17,14,17,23,-17,2015,7,0,0,0,1,1,679
Browns,0,3,3,0,0,6,Rams,10,0,7,7,0,24,201507,10,7,11,18,30,18,2015,7,0,0,1,0,0,491
Colts,0,6,0,17,3,26,Panthers,10,0,7,6,6,29,201508,10,4,11,3,55,3,2015,8,0,0,0,0,0,428
Packers,0,7,3,0,0,10,Broncos,7,10,7,5,0,29,201508,7,10,14,19,39,19,2015,8,0,1,1,0,0,927
Seahawks,3,7,0,3,0,13,Cowboys,3,3,3,3,0,12,201508,0,4,1,1,25,-1,2015,8,0,0,0,1,0,1679
Jets,3,3,7,7,0,20,Raiders,7,14,10,3,0,34,201508,4,15,18,14,54,14,2015,8,0,0,0,1,0,2557
Titans,3,0,3,0,0,6,Texans,0,10,7,3,0,20,201508,-3,7,11,14,26,14,2015,8,0,0,0,1,1,665
Chargers,3,13,7,3,0,26,Ravens,6,7,6,10,0,29,201508,3,-3,-4,3,55,3,2015,8,0,0,0,1,0,2291
Bengals,3,3,0,10,0,16,Steelers,7,0,3,0,0,10,201508,-4,-1,-4,6,26,-6,2015,8,0,1,0,1,1,252
Giants,7,14,7,21,0,49,Saints,14,14,14,10,0,52,201508,7,7,14,3,101,3,2015,8,0,0,0,1,0,1168
Cardinals,7,3,14,10,0,34,Browns,7,13,0,0,0,20,201508,0,-10,4,14,54,-14,2015,8,0,0,0,0,0,1745
Vikings,7,3,0,13,0,23,Bears,3,7,3,7,0,20,201508,4,0,-3,3,43,-3,2015,8,0,0,1,1,1,355
Buccaneers,3,10,7,0,3,23,Falcons,3,0,7,10,0,20,201508,0,10,10,3,43,-3,2015,8,0,0,0,1,1,416
Lions,3,0,0,7,0,10,Chiefs,7,17,7,14,0,45,201508,4,21,28,35,55,35,2015,8,0,0,0,0,0,643
Dolphins,0,0,7,0,0,7,Patriots,7,12,3,14,0,36,201508,7,19,15,29,43,29,2015,8,0,0,0,1,1,1241
49ers,3,3,0,0,0,6,Rams,2,18,0,7,0,27,201508,-1,14,14,21,33,21,2015,8,0,0,0,1,1,1741
Bears,0,7,0,15,0,22,Chargers,7,9,0,3,0,19,201509,-7,-9,-9,3,41,-3,2015,9,0,0,0,0,0,1729
Eagles,0,7,7,13,6,33,Cowboys,7,0,7,13,0,27,201509,-7,0,0,6,60,-6,2015,9,0,1,0,1,1,1297
Broncos,0,7,10,7,0,24,Colts,7,10,0,10,0,27,201509,7,10,0,3,51,3,2015,9,0,0,0,1,0,998
Giants,10,7,3,12,0,32,Buccaneers,6,3,3,6,0,18,201509,4,8,8,14,50,-14,2015,9,0,0,0,1,0,1004
Falcons,3,10,0,3,0,16,49ers,0,17,0,0,0,17,201509,-3,4,4,1,33,1,2015,9,0,0,0,1,0,2135
Packers,7,0,7,15,0,29,Panthers,3,24,3,7,0,37,201509,-4,20,16,8,66,8,2015,9,0,0,0,1,0,745
Raiders,7,7,7,14,0,35,Steelers,3,18,0,17,0,38,201509,-4,7,0,3,73,3,2015,9,0,0,0,1,0,2251
Titans,10,7,3,8,6,34,Saints,14,7,0,7,0,28,201509,-4,-4,-1,6,62,-6,2015,9,0,0,0,0,0,469
Washington,0,3,0,7,0,10,Patriots,14,3,3,7,0,27,201509,14,14,17,17,37,17,2015,9,0,1,0,0,0,385
Rams,6,9,0,3,0,18,Vikings,10,0,8,0,3,21,201509,4,-5,3,3,39,3,2015,9,0,0,0,1,0,466
Dolphins,0,7,7,3,0,17,Bills,9,10,7,7,0,33,201509,9,12,12,16,50,16,2015,9,0,0,1,1,1,1184
Browns,3,7,0,0,0,10,Bengals,7,7,3,14,0,31,201509,4,4,7,21,41,21,2015,9,0,0,0,1,1,217
Jaguars,3,7,3,10,0,23,Jets,14,0,7,7,0,28,201509,11,4,8,5,51,5,2015,9,0,1,0,1,0,835
Jaguars,7,3,3,9,0,22,Ravens,0,14,0,6,0,20,201510,7,-4,-1,2,42,-2,2015,10,0,0,1,1,0,681
Texans,0,3,0,7,0,10,Bengals,3,3,0,0,0,6,201510,-3,-3,-3,4,16,-4,2015,10,0,1,0,1,0,897
Cardinals,0,22,3,14,0,39,Seahawks,0,7,10,15,0,32,201510,0,15,8,7,71,-7,2015,10,0,1,1,1,1,1114
Patriots,7,3,7,10,0,27,Giants,7,10,6,3,0,26,201510,0,-7,-6,1,53,-1,2015,10,0,0,0,0,0,181
Chiefs,10,9,3,7,0,29,Broncos,0,0,0,13,0,13,201510,10,19,22,16,42,-16,2015,10,0,1,0,1,1,556
Vikings,10,10,0,10,0,30,Raiders,0,14,0,0,0,14,201510,10,6,6,16,44,-16,2015,10,0,0,0,0,0,1573
Saints,7,7,0,0,0,14,Washington,14,13,10,10,0,47,201510,7,13,23,33,61,33,2015,10,0,0,0,1,0,964
Panthers,7,7,3,10,0,27,Titans,7,3,0,0,0,10,201510,0,4,7,17,37,-17,2015,10,0,0,0,0,0,339
Browns,3,0,0,6,0,9,Steelers,6,15,3,6,0,30,201510,3,18,21,21,39,21,2015,10,0,0,0,1,1,114
Bills,0,12,10,0,0,22,Jets,3,0,7,7,0,17,201510,-3,9,12,5,39,-5,2015,10,0,0,0,1,1,292
Lions,0,3,6,9,0,18,Packers,3,0,0,13,0,16,201510,-3,0,6,2,34,-2,2015,10,0,1,0,1,1,291
Cowboys,3,3,0,0,0,6,Buccaneers,0,3,0,7,0,10,201510,-3,-3,-3,4,16,4,2015,10,0,0,0,1,0,916
Bears,10,14,0,13,0,37,Rams,10,0,3,0,0,13,201510,0,14,11,24,50,-24,2015,10,0,0,0,1,0,260
Dolphins,3,10,0,7,0,20,Eagles,16,0,0,3,0,19,201510,-13,-3,-3,1,39,-1,2015,10,0,0,0,0,0,1021
Bills,0,3,7,3,0,13,Patriots,3,7,10,0,0,20,201511,3,7,10,7,33,7,2015,11,0,0,0,1,1,404
Bengals,7,7,0,17,0,31,Cardinals,0,7,21,6,0,34,201511,-7,-7,14,3,65,3,2015,11,0,0,0,0,0,1580
49ers,0,7,6,0,0,13,Seahawks,13,7,3,6,0,29,201511,13,13,10,16,42,16,2015,11,0,1,0,1,1,679
Packers,6,10,3,11,0,30,Vikings,6,0,7,0,0,13,201511,0,10,6,17,43,-17,2015,11,0,0,0,1,1,259
Jets,0,3,7,7,0,17,Texans,0,10,14,0,0,24,201511,0,7,14,7,41,7,2015,11,0,0,0,1,0,1417
Rams,7,0,6,0,0,13,Ravens,0,3,0,13,0,16,201511,-7,-4,-10,3,29,3,2015,11,0,0,0,0,0,730
Chiefs,6,6,7,14,0,33,Chargers,0,3,0,0,0,3,201511,6,9,16,30,36,-30,2015,11,0,0,1,1,1,1334
Buccaneers,7,21,7,10,0,45,Eagles,7,7,0,3,0,17,201511,0,14,21,28,62,-28,2015,11,0,0,0,1,0,928
Cowboys,0,14,0,10,0,24,Dolphins,0,7,7,0,0,14,201511,0,7,0,10,38,-10,2015,11,0,0,0,0,0,1110
Raiders,0,0,13,0,0,13,Lions,6,3,0,9,0,18,201511,6,9,-4,5,31,5,2015,11,0,0,0,0,0,2078
Broncos,7,3,0,7,0,17,Bears,0,6,3,6,0,15,201511,7,4,1,2,32,-2,2015,11,0,0,0,0,0,916
Colts,0,7,7,10,0,24,Falcons,7,7,7,0,0,21,201511,-7,-7,-7,3,45,-3,2015,11,0,1,1,0,0,427
Titans,3,3,7,0,0,13,Jaguars,0,6,3,10,0,19,201511,-3,0,-4,6,32,6,2015,11,0,0,0,1,1,500
Washington,14,0,0,2,0,16,Panthers,14,17,10,3,0,44,201511,0,17,27,28,60,28,2015,11,0,0,0,1,0,329
Giants,0,0,0,14,0,14,Washington,0,17,0,3,0,20,201512,0,17,17,6,34,6,2015,12,0,1,0,1,1,204
Ravens,10,7,7,9,0,33,Browns,0,13,7,7,0,27,201512,10,4,4,6,60,-6,2015,12,0,0,1,1,1,307
Patriots,7,7,0,10,0,24,Broncos,0,7,0,17,6,30,201512,-7,-7,-7,6,54,6,2015,12,0,0,0,1,0,1769
Steelers,3,15,3,9,0,30,Seahawks,0,14,6,19,0,39,201512,-3,-4,-1,9,69,9,2015,12,0,1,0,0,0,2132
Cardinals,3,3,7,6,0,19,49ers,0,3,10,0,0,13,201512,3,3,0,6,32,-6,2015,12,0,0,0,1,1,652
Saints,0,6,0,0,0,6,Texans,14,0,10,0,0,24,201512,14,8,18,18,30,18,2015,12,0,1,0,0,0,317
Chargers,0,21,3,7,0,31,Jaguars,6,3,3,13,0,25,201512,-6,12,12,6,56,-6,2015,12,0,0,0,1,0,2087
Dolphins,0,0,7,13,0,20,Jets,7,7,7,17,0,38,201512,7,14,14,18,58,18,2015,12,0,0,0,1,1,1091
Vikings,7,0,3,10,0,20,Falcons,0,3,0,7,0,10,201512,7,4,7,10,30,-10,2015,12,0,0,0,1,0,908
Buccaneers,3,9,0,0,0,12,Colts,3,3,13,6,0,25,201512,0,-6,7,13,37,13,2015,12,0,0,0,0,0,843
Raiders,7,3,7,7,0,24,Titans,6,0,8,7,0,21,201512,1,4,3,3,45,-3,2015,12,0,0,0,1,0,1950
Rams,0,7,0,0,0,7,Bengals,7,10,14,0,0,31,201512,7,10,24,24,38,24,2015,12,0,0,0,0,0,310
Bears,0,14,0,3,0,17,Packers,7,6,0,0,0,13,201512,-7,1,1,4,30,-4,2015,12,0,0,0,1,1,185
Panthers,10,13,7,3,0,33,Cowboys,3,0,3,8,0,14,201512,7,20,24,19,47,-19,2015,12,0,0,0,1,0,928
Eagles,0,7,0,7,0,14,Lions,7,17,14,7,0,45,201512,7,17,31,31,59,31,2015,12,0,0,0,1,0,441
Bills,10,6,6,0,0,22,Chiefs,0,14,10,6,0,30,201512,-10,-2,2,8,52,8,2015,12,0,0,0,1,0,858
Falcons,0,9,3,7,0,19,Buccaneers,7,0,9,7,0,23,201513,7,-2,4,4,42,4,2015,13,0,0,0,1,1,416
Cowboys,0,3,3,13,0,19,Washington,0,3,3,10,0,16,201513,0,0,0,3,35,-3,2015,13,0,0,0,1,1,1181
Colts,3,7,0,0,0,10,Steelers,6,15,7,17,0,45,201513,3,11,18,35,55,35,2015,13,0,0,0,1,0,328
Panthers,0,13,14,14,0,41,Saints,14,2,8,14,0,38,201513,-14,-3,3,3,79,-3,2015,13,0,0,0,1,1,648
Eagles,0,14,14,7,0,35,Patriots,0,14,0,14,0,28,201513,0,0,14,7,63,-7,2015,13,0,0,0,0,0,261
Chiefs,7,0,7,20,0,34,Raiders,7,7,6,0,0,20,201513,0,-7,-6,14,54,-14,2015,13,0,0,0,1,1,1495
Jets,3,7,0,10,3,23,Giants,0,20,0,0,0,20,201513,3,-10,-10,3,43,-3,2015,13,0,0,0,0,0,0
Broncos,14,3,0,0,0,17,Chargers,0,3,0,0,0,3,201513,14,14,14,14,20,-14,2015,13,0,0,0,1,1,832
Ravens,0,3,7,3,0,13,Dolphins,0,15,0,0,0,15,201513,0,12,5,2,28,2,2015,13,0,0,0,1,0,956
Cardinals,7,3,14,3,0,27,Rams,0,0,3,0,0,3,201513,7,10,21,24,30,-24,2015,13,0,0,0,1,1,1270
Jaguars,0,12,7,20,0,39,Titans,7,14,0,21,0,42,201513,7,9,2,3,81,3,2015,13,0,0,0,1,1,500
Seahawks,7,14,14,3,0,38,Vikings,0,0,7,0,0,7,201513,7,21,28,31,45,-31,2015,13,0,0,0,1,0,1391
Bengals,7,13,14,3,0,37,Browns,0,3,0,0,0,3,201513,7,17,31,34,40,-34,2015,13,0,0,0,1,1,217
49ers,6,7,0,7,6,26,Bears,6,7,0,7,0,20,201513,0,0,0,6,46,-6,2015,13,0,0,0,1,0,1853
Texans,6,7,0,8,0,21,Bills,7,14,0,9,0,30,201513,1,8,8,9,51,9,2015,13,0,0,0,1,0,1285
Packers,0,0,14,13,0,27,Lions,17,0,3,3,0,23,201513,-17,-17,-6,4,50,-4,2015,13,0,0,0,1,1,291
Patriots,7,10,3,7,0,27,Texans,3,3,0,0,0,6,201514,4,11,14,21,33,-21,2015,14,0,0,0,1,0,1597
Cowboys,0,0,7,0,0,7,Packers,0,14,0,14,0,28,201514,0,14,7,21,35,21,2015,14,0,0,0,1,0,937
Raiders,0,0,9,6,0,15,Broncos,6,6,0,0,0,12,201514,-6,-12,-3,3,27,-3,2015,14,0,0,0,1,1,939
Seahawks,7,7,7,14,0,35,Ravens,0,6,0,0,0,6,201514,7,8,15,29,41,-29,2015,14,0,0,0,0,0,2328
Colts,3,10,3,0,0,16,Jaguars,3,6,21,21,0,51,201514,0,-4,14,35,67,35,2015,14,0,0,0,1,1,699
Falcons,0,0,0,0,0,0,Panthers,21,7,10,0,0,38,201514,21,28,38,38,38,38,2015,14,0,0,0,1,1,226
Saints,7,10,7,0,0,24,Buccaneers,0,10,0,7,0,17,201514,7,7,14,7,41,-7,2015,14,0,0,0,1,1,480
Giants,3,14,7,7,0,31,Dolphins,7,10,7,0,0,24,201514,-4,0,0,7,55,-7,2015,14,0,0,0,0,0,1091
Titans,0,0,8,0,0,8,Jets,10,17,0,3,0,30,201514,10,27,19,22,38,22,2015,14,0,0,0,1,0,758
Lions,0,0,7,7,0,14,Rams,0,7,7,7,0,21,201514,0,7,7,7,35,7,2015,14,0,0,0,1,0,454
Chargers,0,0,3,0,0,3,Chiefs,0,10,0,0,0,10,201514,0,10,7,7,13,7,2015,14,0,0,0,1,1,1334
49ers,0,3,0,7,0,10,Browns,7,3,7,7,0,24,201514,7,7,14,14,34,14,2015,14,0,0,0,0,0,2161
Steelers,7,9,7,10,0,33,Bengals,0,7,3,10,0,20,201514,7,9,13,13,53,-13,2015,14,0,0,0,1,1,252
Washington,7,7,7,3,0,24,Bears,0,7,14,0,0,21,201514,7,7,0,3,45,-3,2015,14,0,0,0,1,0,594
Vikings,7,3,0,10,0,20,Cardinals,10,0,7,6,0,23,201514,3,0,7,3,43,3,2015,14,0,0,0,1,0,1278
Bills,7,3,10,0,0,20,Eagles,7,10,3,3,0,23,201514,0,7,0,3,43,3,2015,14,0,0,0,0,0,279
Lions,7,14,7,7,0,35,Saints,3,0,7,17,0,27,201515,4,18,18,8,62,-8,2015,15,0,0,0,1,0,939
Cardinals,7,10,13,10,0,40,Eagles,3,7,0,7,0,17,201515,4,7,20,23,57,-23,2015,15,0,0,0,1,0,2078
Bengals,0,21,3,0,0,24,49ers,0,0,7,7,0,14,201515,0,21,17,10,38,-10,2015,15,0,0,0,0,0,2040
Dolphins,0,0,7,7,0,14,Chargers,6,17,0,7,0,30,201515,6,23,16,16,44,16,2015,15,0,0,0,1,0,2267
Broncos,14,13,0,0,0,27,Steelers,7,6,7,14,0,34,201515,-7,-14,-7,7,61,7,2015,15,0,0,0,1,0,1317
Browns,7,3,0,3,0,13,Seahawks,7,13,0,10,0,30,201515,0,10,10,17,43,17,2015,15,0,0,0,0,0,2020
Packers,14,0,10,6,0,30,Raiders,0,13,7,0,0,20,201515,14,1,4,10,50,-10,2015,15,0,0,0,0,0,1826
Chiefs,14,10,0,10,0,34,Ravens,7,7,0,0,0,14,201515,7,10,10,20,48,-20,2015,15,0,0,0,1,0,960
Falcons,7,10,0,6,0,23,Jaguars,0,3,14,0,0,17,201515,7,14,0,6,40,-6,2015,15,0,0,0,0,0,285
Panthers,7,14,14,3,0,38,Giants,7,0,7,21,0,35,201515,0,14,21,3,73,-3,2015,15,0,0,0,1,0,531
Titans,0,3,7,6,0,16,Patriots,7,17,3,6,0,33,201515,7,21,17,17,49,17,2015,15,0,0,0,1,0,936
Bears,0,7,3,7,0,17,Vikings,7,10,7,14,0,38,201515,7,10,14,21,55,21,2015,15,0,0,0,1,1,355
Texans,0,3,3,10,0,16,Colts,0,10,0,0,0,10,201515,0,-7,-4,6,26,-6,2015,15,0,0,0,1,1,865
Jets,6,3,0,10,0,19,Cowboys,3,7,3,3,0,16,201515,3,-1,-4,3,35,-3,2015,15,0,0,0,0,0,1370
Buccaneers,3,0,3,17,0,23,Rams,14,7,7,3,0,31,201515,11,18,22,8,54,8,2015,15,0,0,0,1,0,861
Bills,0,0,17,8,0,25,Washington,7,14,7,7,0,35,201515,7,21,11,10,60,10,2015,15,0,0,0,0,0,292
Steelers,0,3,7,7,0,17,Ravens,7,6,0,7,0,20,201516,7,10,3,3,37,3,2015,16,0,0,0,1,1,196
Bengals,7,7,0,3,0,17,Broncos,0,3,7,7,3,20,201516,-7,-11,-4,3,37,3,2015,16,0,0,0,1,0,1093
Giants,0,3,7,7,0,17,Vikings,3,16,13,17,0,49,201516,3,16,22,32,66,32,2015,16,0,0,0,1,0,1016
Rams,10,6,0,7,0,23,Seahawks,0,3,7,7,0,17,201516,10,13,6,6,40,-6,2015,16,0,0,0,1,1,1720
Packers,0,0,8,0,0,8,Cardinals,0,17,21,0,0,38,201516,0,17,30,30,46,30,2015,16,0,0,0,1,0,1492
Jaguars,0,6,13,8,0,27,Saints,14,10,7,7,0,38,201516,14,18,12,11,65,11,2015,16,0,0,0,0,0,503
Bears,0,13,0,13,0,26,Buccaneers,7,0,7,7,0,21,201516,-7,6,-1,5,47,-5,2015,16,0,0,0,1,0,1004
Patriots,0,3,10,7,0,20,Jets,3,7,7,3,6,26,201516,3,7,4,6,46,6,2015,16,0,0,0,1,1,181
Browns,0,3,7,3,0,13,Chiefs,10,7,0,0,0,17,201516,10,14,7,4,30,4,2015,16,0,0,0,1,0,698
Texans,10,7,17,0,0,34,Titans,0,0,0,6,0,6,201516,10,17,34,28,40,-28,2015,16,0,0,0,1,1,665
49ers,7,10,0,0,0,17,Lions,3,17,3,9,0,32,201516,-4,3,6,15,49,15,2015,16,0,0,0,1,0,2087
Cowboys,3,3,0,0,0,6,Bills,6,0,3,7,0,16,201516,3,0,3,10,22,10,2015,16,0,0,0,0,0,1197
Panthers,7,0,3,3,0,13,Falcons,0,7,7,6,0,20,201516,-7,0,4,7,33,7,2015,16,0,0,0,1,1,226
Washington,13,3,14,8,0,38,Eagles,7,3,7,7,0,24,201516,6,6,13,14,62,-14,2015,16,0,0,0,1,1,123
Chargers,7,10,0,3,0,20,Raiders,7,3,2,8,3,23,201516,0,-7,-5,3,43,3,2015,16,0,0,0,1,1,454
Colts,8,7,0,3,0,18,Dolphins,0,6,3,3,0,12,201516,8,9,6,6,30,-6,2015,16,0,0,0,1,0,1026
Rams,3,13,0,0,0,16,49ers,0,10,3,3,3,19,201517,-3,-6,-3,3,35,3,2015,17,0,0,0,1,1,1741
Vikings,3,3,14,0,0,20,Packers,3,0,0,10,0,13,201517,0,3,17,7,33,-7,2015,17,0,0,0,1,1,259
Buccaneers,3,0,7,0,0,10,Panthers,0,24,7,7,0,38,201517,-3,21,21,28,48,28,2015,17,0,0,0,1,1,511
Seahawks,10,20,6,0,0,36,Cardinals,0,6,0,0,0,6,201517,10,24,30,30,42,-30,2015,17,0,0,0,1,1,1114
Raiders,0,10,0,7,0,17,Chiefs,14,0,9,0,0,23,201517,14,4,13,6,40,6,2015,17,0,0,0,1,1,1495
Jaguars,0,3,3,0,0,6,Texans,3,17,0,10,0,30,201517,3,17,14,24,36,24,2015,17,0,0,0,1,1,820
Eagles,14,7,7,7,0,35,Giants,3,17,7,3,0,30,201517,11,1,1,5,65,-5,2015,17,0,0,0,1,1,80
Chargers,3,3,7,7,0,20,Broncos,7,0,7,13,0,27,201517,4,1,1,7,47,7,2015,17,0,0,0,1,1,832
Titans,7,7,3,7,0,24,Colts,10,10,7,3,0,30,201517,3,6,10,6,54,6,2015,17,0,0,0,1,1,251
Washington,21,3,3,7,0,34,Cowboys,0,14,0,9,0,23,201517,21,10,13,11,57,-11,2015,17,0,0,0,1,1,1181
Steelers,7,7,3,11,0,28,Browns,3,6,0,3,0,12,201517,4,5,8,16,40,-16,2015,17,0,0,0,1,1,114
Ravens,0,9,0,7,0,16,Bengals,0,7,14,3,0,24,201517,0,-2,12,8,40,8,2015,17,0,0,0,1,1,419
Lions,7,3,7,7,0,24,Bears,0,0,10,10,0,20,201517,7,10,7,4,44,-4,2015,17,0,0,0,1,1,238
Jets,0,7,10,0,0,17,Bills,7,9,3,3,0,22,201517,7,9,2,5,39,5,2015,17,0,0,0,1,1,292
Saints,7,7,3,3,0,20,Falcons,3,14,0,0,0,17,201517,4,-3,0,3,37,-3,2015,17,0,0,0,1,1,424
Patriots,0,3,7,0,0,10,Dolphins,3,7,0,10,0,20,201517,3,7,0,10,30,10,2015,17,0,0,0,1,1,1241
Packers,0,17,7,11,0,35,Washington,5,6,7,0,0,18,201518,-5,6,6,17,53,-17,2015,18,1,0,0,1,0,686
Seahawks,0,0,0,10,0,10,Vikings,3,0,6,0,0,9,201518,-3,-3,-9,1,19,-1,2015,18,1,0,0,1,0,1391
Chiefs,7,6,7,10,0,30,Texans,0,0,0,0,0,0,201518,7,13,20,30,30,-30,2015,18,1,0,0,1,0,646
Steelers,0,6,9,3,0,18,Bengals,0,0,0,16,0,16,201518,0,6,15,2,34,-2,2015,18,1,0,0,1,1,252
Chiefs,3,3,7,7,0,20,Patriots,7,7,7,6,0,27,201519,4,8,8,7,47,7,2015,19,1,0,1,1,0,1249
Packers,0,6,7,7,0,20,Cardinals,7,0,3,10,6,26,201519,7,1,-3,6,46,6,2015,19,1,0,1,1,0,1492
Seahawks,0,0,14,10,0,24,Panthers,14,17,0,0,0,31,201519,14,31,17,7,55,7,2015,19,1,0,1,1,0,2280
Steelers,7,3,3,3,0,16,Broncos,6,3,3,11,0,23,201519,-1,-1,-1,7,39,7,2015,19,1,0,1,1,0,1317
Patriots,6,3,3,6,0,18,Broncos,7,10,0,3,0,20,201520,1,8,5,2,38,2,2015,20,1,0,0,1,0,1769
Cardinals,0,7,0,8,0,15,Panthers,17,7,10,15,0,49,201520,17,17,27,34,64,34,2015,20,1,0,0,1,0,1778
Panthers,0,7,0,3,0,10,Broncos,10,3,3,8,0,24,201522,10,6,9,14,34,14,2015,22,1,1,1,0,0,1355
Giants,0,13,0,7,0,20,Cowboys,3,6,7,3,0,19,201601,-3,4,-3,1,39,-1,2016,1,0,0,0,1,1,1370
Dolphins,0,3,0,7,0,10,Seahawks,3,3,0,6,0,12,201601,3,3,3,2,22,2,2016,1,0,0,0,0,0,2730
Lions,7,14,7,11,0,39,Colts,0,10,8,17,0,35,201601,7,11,10,4,74,-4,2016,1,0,0,0,0,0,240
Bears,7,7,0,0,0,14,Texans,0,10,3,10,0,23,201601,-7,-4,-1,9,37,9,2016,1,0,0,0,0,0,939
Steelers,0,14,10,14,0,38,Washington,6,0,3,7,0,16,201601,-6,8,15,22,54,-22,2016,1,0,0,0,0,0,190
Rams,0,0,0,0,0,0,49ers,7,7,0,14,0,28,201601,7,14,14,28,28,28,2016,1,0,0,0,1,1,347
Patriots,10,0,7,6,0,23,Cardinals,0,7,7,7,0,21,201601,10,3,3,2,44,-2,2016,1,0,0,0,0,0,2296
Bills,0,7,0,0,0,7,Ravens,3,7,0,3,0,13,201601,3,3,3,6,20,6,2016,1,0,0,0,1,0,275
Packers,7,14,3,3,0,27,Jaguars,7,10,3,3,0,23,201601,0,4,4,4,50,-4,2016,1,0,0,0,0,0,1039
Browns,0,7,3,0,0,10,Eagles,7,6,9,7,0,29,201601,7,6,12,19,39,19,2016,1,0,0,0,0,0,358
Bengals,3,10,7,3,0,23,Jets,7,9,0,6,0,22,201601,-4,-3,4,1,45,-1,2016,1,0,0,0,1,0,563
Raiders,10,0,3,22,0,35,Saints,3,14,7,10,0,34,201601,7,-7,-11,1,69,-1,2016,1,0,0,0,0,0,1914
Chargers,7,14,3,3,0,27,Chiefs,3,0,7,17,6,33,201601,-4,-18,-14,6,60,6,2016,1,0,0,0,1,1,1334
Vikings,0,0,12,13,0,25,Titans,3,7,0,6,0,16,201601,-3,-10,2,9,41,-9,2016,1,0,0,0,0,0,696
Buccaneers,3,14,14,0,0,31,Falcons,10,3,8,3,0,24,201601,-7,4,10,7,55,-7,2016,1,0,0,0,1,1,416
Panthers,7,10,0,3,0,20,Broncos,0,7,0,14,0,21,201601,-7,-10,-10,1,41,1,2016,1,0,0,0,0,0,1355
Eagles,3,6,13,7,0,29,Bears,0,7,0,7,0,14,201602,3,2,15,15,43,-15,2016,2,0,0,0,1,0,664
Packers,7,0,0,7,0,14,Vikings,0,10,7,0,0,17,201602,-7,3,10,3,31,3,2016,2,0,0,0,1,1,259
Falcons,0,13,8,14,0,35,Raiders,0,7,7,14,0,28,201602,0,6,7,7,63,-7,2016,2,0,0,0,0,0,2127
Colts,3,3,7,7,0,20,Broncos,3,10,3,18,0,34,201602,0,7,3,14,54,14,2016,2,0,0,0,1,0,998
Buccaneers,0,0,7,0,0,7,Cardinals,0,24,9,7,0,40,201602,0,24,26,33,47,33,2016,2,0,0,0,1,0,1793
Seahawks,0,3,0,0,0,3,Rams,3,3,0,3,0,9,201602,3,3,3,6,12,6,2016,2,0,0,0,1,1,960
Chiefs,0,3,0,9,0,12,Texans,7,6,0,6,0,19,201602,7,10,10,7,31,7,2016,2,0,0,0,1,0,646
Jaguars,0,0,0,14,0,14,Chargers,7,14,14,3,0,38,201602,7,21,35,24,52,24,2016,2,0,0,0,1,0,2087
Cowboys,10,3,7,7,0,27,Washington,0,10,13,0,0,23,201602,10,3,-3,4,50,-4,2016,2,0,0,0,1,1,1181
Bengals,3,3,3,7,0,16,Steelers,7,3,7,7,0,24,201602,4,4,8,8,40,8,2016,2,0,0,0,1,1,252
Saints,0,3,0,10,0,13,Giants,0,7,3,6,0,16,201602,0,4,7,3,29,3,2016,2,0,0,0,1,0,1168
Dolphins,0,3,7,14,0,24,Patriots,14,10,7,0,0,31,201602,14,21,21,7,55,7,2016,2,0,0,0,1,1,1241
Titans,0,3,0,13,0,16,Lions,9,3,3,0,0,15,201602,-9,-9,-12,1,31,-1,2016,2,0,0,0,0,0,470
Ravens,2,10,7,6,0,25,Browns,20,0,0,0,0,20,201602,-18,-8,-1,5,45,-5,2016,2,0,0,0,1,1,307
Jets,6,14,7,10,0,37,Bills,7,3,14,7,0,31,201602,-1,10,3,6,68,-6,2016,2,0,0,0,1,1,292
49ers,3,7,0,17,0,27,Panthers,7,10,14,15,0,46,201602,4,7,21,19,73,19,2016,2,0,0,0,1,0,2296
Falcons,7,21,10,7,0,45,Saints,7,10,8,7,0,32,201603,0,11,13,13,77,-13,2016,3,0,0,0,1,1,424
Bears,0,3,7,7,0,17,Cowboys,10,14,0,7,0,31,201603,10,21,14,14,48,14,2016,3,0,0,0,1,0,802
Steelers,0,3,0,0,0,3,Eagles,3,10,21,0,0,34,201603,3,10,31,31,37,31,2016,3,0,0,0,0,0,257
Jets,0,3,0,0,0,3,Chiefs,7,10,0,7,0,24,201603,7,14,14,21,27,21,2016,3,0,0,0,1,0,1093
Chargers,0,13,6,3,0,22,Colts,10,3,7,6,0,26,201603,10,0,1,4,48,4,2016,3,0,0,0,1,0,1784
Rams,10,7,7,13,0,37,Buccaneers,6,14,0,12,0,32,201603,4,-3,4,5,69,-5,2016,3,0,0,0,1,0,2149
49ers,0,3,0,15,0,18,Seahawks,14,10,6,7,0,37,201603,14,21,27,19,55,19,2016,3,0,0,0,1,1,679
Ravens,7,6,3,3,0,19,Jaguars,0,7,7,3,0,17,201603,7,6,2,2,36,-2,2016,3,0,0,0,1,0,681
Raiders,7,10,0,0,0,17,Titans,3,0,7,0,0,10,201603,4,14,7,7,27,-7,2016,3,0,0,0,1,0,1950
Washington,6,10,7,6,0,29,Giants,14,7,3,3,0,27,201603,-8,-5,-1,2,56,-2,2016,3,0,0,0,1,1,204
Browns,0,13,0,11,0,24,Dolphins,7,3,7,7,6,30,201603,7,-3,4,6,54,6,2016,3,0,0,0,1,0,1089
Lions,3,7,7,10,0,27,Packers,14,17,3,0,0,34,201603,11,21,17,7,61,7,2016,3,0,0,0,1,1,291
Broncos,3,13,0,13,0,29,Bengals,7,7,0,3,0,17,201603,-4,2,2,12,46,-12,2016,3,0,0,0,1,0,1093
Cardinals,0,7,6,5,0,18,Bills,10,7,13,3,0,33,201603,10,10,17,15,51,15,2016,3,0,0,0,0,0,1902
Texans,0,0,0,0,0,0,Patriots,10,0,10,7,0,27,201603,10,10,20,27,27,27,2016,3,0,0,0,1,0,1597
Vikings,2,6,8,6,0,22,Panthers,10,0,0,0,0,10,201603,-8,-2,6,12,32,-12,2016,3,0,0,0,1,0,938
Rams,7,3,0,7,0,17,Cardinals,0,10,3,0,0,13,201604,7,0,-3,4,30,-4,2016,4,0,0,0,1,1,356
Saints,7,7,7,14,0,35,Chargers,7,17,0,10,0,34,201604,0,-10,-3,1,69,-1,2016,4,0,0,0,0,0,1605
Broncos,7,10,3,7,0,27,Buccaneers,7,0,0,0,0,7,201604,0,10,13,20,34,-20,2016,4,0,0,0,0,0,1521
Chiefs,0,0,0,14,0,14,Steelers,22,7,7,7,0,43,201604,22,29,36,29,57,29,2016,4,0,0,0,1,0,779
Giants,0,3,0,7,0,10,Vikings,7,7,3,7,0,24,201604,7,11,14,14,34,14,2016,4,0,0,0,1,0,1016
Cowboys,0,14,7,3,0,24,49ers,7,7,3,0,0,17,201604,-7,0,4,7,41,-7,2016,4,0,0,0,1,0,1480
Titans,3,14,3,0,0,20,Texans,14,6,7,0,0,27,201604,11,3,7,7,47,7,2016,4,0,0,0,1,1,665
Seahawks,0,14,3,10,0,27,Jets,3,7,0,7,0,17,201604,-3,4,7,10,44,-10,2016,4,0,0,0,0,0,2401
Browns,0,17,3,0,0,20,Washington,14,3,0,14,0,31,201604,14,0,-3,11,51,11,2016,4,0,0,0,0,0,304
Raiders,7,7,0,14,0,28,Ravens,0,6,6,15,0,27,201604,7,8,2,1,55,-1,2016,4,0,0,0,1,0,2442
Bills,7,6,3,0,0,16,Patriots,0,0,0,0,0,0,201604,7,13,16,16,16,-16,2016,4,0,0,0,1,1,404
Lions,0,3,3,8,0,14,Bears,7,0,7,3,0,17,201604,7,4,8,3,31,3,2016,4,0,0,0,1,1,238
Panthers,0,10,0,23,0,33,Falcons,14,3,14,17,0,48,201604,14,7,21,15,81,15,2016,4,0,0,0,1,1,226
Colts,3,3,0,21,0,27,Jaguars,7,10,6,7,0,30,201604,4,11,17,3,57,3,2016,4,0,0,0,1,1,699
Dolphins,7,0,0,0,0,7,Bengals,10,6,3,3,0,22,201604,3,9,12,15,29,15,2016,4,0,0,0,1,0,957
Buccaneers,3,3,8,3,0,17,Panthers,0,0,14,0,0,14,201605,3,6,0,3,31,-3,2016,5,0,0,0,1,1,511
Giants,0,6,3,7,0,16,Packers,7,10,0,6,0,23,201605,7,11,8,7,39,7,2016,5,0,0,1,1,0,758
Bills,7,9,7,7,0,30,Rams,3,10,3,3,0,19,201605,4,3,7,11,49,-11,2016,5,0,0,0,0,0,2193
Chargers,0,10,14,7,0,31,Raiders,3,6,18,7,0,34,201605,3,-1,3,3,65,3,2016,5,0,0,0,1,1,454
Bengals,0,0,0,14,0,14,Cowboys,7,14,7,0,0,28,201605,7,21,28,14,42,14,2016,5,0,0,0,0,0,817
Falcons,10,3,7,3,0,23,Broncos,0,3,0,13,0,16,201605,10,10,17,7,39,-7,2016,5,0,0,0,0,0,1209
Washington,6,0,10,0,0,16,Ravens,7,3,0,0,0,10,201605,-1,-4,6,6,26,-6,2016,5,0,0,0,0,0,35
Jets,3,10,0,0,0,13,Steelers,7,7,3,14,0,31,201605,4,1,4,18,44,18,2016,5,0,0,0,1,0,314
Texans,0,6,0,7,0,13,Vikings,14,10,0,7,0,31,201605,14,18,18,18,44,18,2016,5,0,0,0,0,0,1057
Titans,7,14,3,6,0,30,Dolphins,0,14,3,0,0,17,201605,7,7,7,13,47,-13,2016,5,0,0,0,1,0,816
Bears,3,10,0,10,0,23,Colts,3,13,3,10,0,29,201605,0,3,6,6,52,6,2016,5,0,0,0,0,0,163
Eagles,0,10,10,3,0,23,Lions,14,7,0,3,0,24,201605,14,11,1,1,47,1,2016,5,0,1,0,1,0,441
Patriots,16,7,7,3,0,33,Browns,7,0,0,6,0,13,201605,9,16,23,20,46,-20,2016,5,0,0,0,1,0,551
Cardinals,0,7,14,12,0,33,49ers,0,7,7,7,0,21,201605,0,0,7,12,54,-12,2016,5,0,0,0,1,1,652
Jets,0,3,0,0,0,3,Cardinals,7,7,7,7,0,28,201606,7,11,18,25,31,25,2016,6,0,0,0,0,0,2139
Colts,3,10,0,10,0,23,Texans,0,3,6,14,3,26,201606,-3,-10,-4,3,49,3,2016,6,0,0,0,1,1,865
Falcons,0,3,21,0,0,24,Seahawks,7,10,0,9,0,26,201606,7,14,-7,2,50,2,2016,6,0,0,1,1,0,2178
Cowboys,7,10,3,10,0,30,Packers,3,3,0,10,0,16,201606,4,11,14,14,46,-14,2016,6,0,0,0,1,0,937
Chiefs,7,6,10,3,0,26,Raiders,7,3,0,0,0,10,201606,0,3,13,16,36,-16,2016,6,0,1,0,1,1,1495
Eagles,0,14,0,6,0,20,Washington,7,14,3,3,0,27,201606,7,7,10,7,47,7,2016,6,0,0,0,1,1,123
Ravens,10,0,3,10,0,23,Giants,0,7,10,10,0,27,201606,-10,-3,4,4,50,4,2016,6,0,0,0,0,0,169
Broncos,0,3,0,10,0,13,Chargers,7,3,9,2,0,21,201606,7,7,16,8,34,8,2016,6,0,0,0,1,1,832
Bengals,0,7,7,3,0,17,Patriots,3,7,15,10,0,35,201606,3,3,11,18,52,18,2016,6,0,0,0,1,0,732
Steelers,8,0,0,7,0,15,Dolphins,3,13,7,7,0,30,201606,-5,8,15,15,45,15,2016,6,0,0,0,1,0,1013
Browns,6,7,0,13,0,26,Titans,7,7,7,7,0,28,201606,1,1,8,2,54,2,2016,6,0,0,0,1,0,458
Rams,7,7,7,7,0,28,Lions,7,7,7,10,0,31,201606,0,0,0,3,59,3,2016,6,0,0,0,1,0,1979
Jaguars,0,0,0,17,0,17,Bears,0,10,3,3,0,16,201606,0,-10,-13,1,33,-1,2016,6,0,1,0,0,0,862
49ers,3,10,0,3,0,16,Bills,7,10,7,21,0,45,201606,4,4,11,29,61,29,2016,6,0,0,0,0,0,2294
Panthers,0,10,7,21,0,38,Saints,14,10,7,10,0,41,201606,14,14,14,3,79,3,2016,6,0,0,1,1,1,648
Raiders,3,17,3,10,0,33,Jaguars,0,6,3,7,0,16,201607,3,14,14,17,49,-17,2016,7,0,0,0,1,0,2361
Texans,6,0,3,0,0,9,Broncos,0,14,7,6,0,27,201607,-6,8,12,18,36,18,2016,7,0,0,0,1,0,878
Seahawks,0,0,0,3,3,6,Cardinals,0,3,0,0,3,6,201607,0,-3,-3,0,12,0,2016,7,0,0,0,1,1,1114
Patriots,7,7,6,7,0,27,Steelers,0,10,3,3,0,16,201607,7,4,7,11,43,-11,2016,7,0,0,0,1,0,479
Buccaneers,0,17,10,7,0,34,49ers,14,0,0,3,0,17,201607,-14,3,13,17,51,-17,2016,7,0,1,0,1,0,2396
Chargers,7,10,3,10,3,33,Falcons,6,21,0,3,0,30,201607,1,-10,-7,3,63,-3,2016,7,0,0,0,0,0,1887
Vikings,0,3,0,7,0,10,Eagles,0,11,7,3,0,21,201607,0,8,15,11,31,11,2016,7,0,1,0,1,0,983
Saints,7,0,7,7,0,21,Chiefs,14,7,3,3,0,27,201607,7,14,10,6,48,6,2016,7,0,0,0,0,0,681
Bills,3,7,7,8,0,25,Dolphins,3,3,8,14,0,28,201607,0,-4,-3,3,53,3,2016,7,0,0,0,1,1,1184
Ravens,10,6,0,0,0,16,Jets,7,7,10,0,0,24,201607,-3,-2,8,8,40,8,2016,7,0,0,0,1,0,169
Colts,7,10,3,14,0,34,Titans,6,7,0,13,0,26,201607,1,4,7,8,60,-8,2016,7,0,0,0,1,1,251
Washington,0,3,0,14,0,17,Lions,0,3,7,10,0,20,201607,0,0,7,3,37,3,2016,7,0,0,0,1,0,394
Browns,0,10,7,0,0,17,Bengals,7,14,10,0,0,31,201607,7,11,14,14,48,14,2016,7,0,0,0,1,1,217
Giants,0,10,0,7,0,17,Rams,10,0,0,0,0,10,201607,-10,0,0,7,27,-7,2016,7,0,0,0,1,0,2445
Bears,0,3,7,0,0,10,Packers,3,3,7,13,0,26,201607,3,3,3,16,36,16,2016,7,0,0,0,1,1,185
Eagles,3,10,7,3,0,23,Cowboys,7,3,3,10,6,29,201608,4,-3,-7,6,52,6,2016,8,0,0,1,1,1,1297
Packers,7,17,0,8,0,32,Falcons,10,9,7,7,0,33,201608,3,-5,2,1,65,1,2016,8,0,0,0,1,0,768
Chargers,7,0,6,6,0,19,Broncos,3,7,7,10,0,27,201608,-4,3,4,8,46,8,2016,8,0,0,0,1,1,832
Lions,0,3,0,10,0,13,Texans,0,14,3,3,0,20,201608,0,11,14,7,33,7,2016,8,0,0,0,0,0,1105
Cardinals,0,7,7,6,0,20,Panthers,14,10,6,0,0,30,201608,14,17,16,10,50,10,2016,8,0,0,1,1,0,1778
Raiders,0,3,14,7,6,30,Buccaneers,3,7,0,14,0,24,201608,-3,-7,7,6,54,-6,2016,8,0,0,0,0,0,2388
Vikings,0,3,0,7,0,10,Bears,3,10,7,0,0,20,201608,3,10,17,10,30,10,2016,8,0,0,0,1,1,355
Chiefs,3,14,7,6,0,30,Colts,0,7,7,0,0,14,201608,3,10,10,16,44,-16,2016,8,0,0,0,1,0,451
Jets,0,7,14,10,0,31,Browns,10,10,0,8,0,28,201608,-10,-13,1,3,59,-3,2016,8,0,0,0,1,0,403
Patriots,14,10,14,3,0,41,Bills,3,7,7,8,0,25,201608,11,14,21,16,66,-16,2016,8,0,0,0,1,1,404
Washington,7,3,7,10,0,27,Bengals,7,0,13,7,0,27,201608,0,3,-3,0,54,0,2016,8,0,0,0,0,0,398
Jaguars,0,0,8,14,0,22,Titans,3,24,6,3,0,36,201608,3,27,25,14,58,14,2016,8,0,0,0,1,1,500
Seahawks,7,7,3,3,0,20,Saints,0,13,3,9,0,25,201608,-7,-1,-1,5,45,5,2016,8,0,0,0,1,0,2098
Bills,14,3,0,8,0,25,Seahawks,7,21,0,3,0,31,201609,-7,11,11,6,56,6,2016,9,0,0,0,0,0,2110
Broncos,0,10,0,10,0,20,Raiders,6,14,0,10,0,30,201609,6,10,10,10,50,10,2016,9,0,0,0,1,1,939
Titans,0,14,7,14,0,35,Chargers,9,10,14,10,0,43,201609,9,5,12,8,78,8,2016,9,0,0,0,1,0,1739
Colts,14,10,0,7,0,31,Packers,10,0,3,13,0,26,201609,4,14,11,5,57,-5,2016,9,0,0,0,0,0,341
Saints,14,17,0,10,0,41,49ers,3,17,3,0,0,23,201609,11,11,8,18,64,-18,2016,9,0,0,1,1,0,1921
Panthers,7,0,0,6,0,13,Rams,0,0,0,10,0,10,201609,7,7,7,3,23,-3,2016,9,0,0,1,1,0,2115
Steelers,0,0,0,14,0,14,Ravens,7,3,3,8,0,21,201609,7,10,13,7,35,7,2016,9,0,1,1,1,1,196
Lions,3,7,0,6,6,22,Vikings,0,3,6,7,0,16,201609,3,7,1,6,38,-6,2016,9,0,0,0,1,1,542
Jets,10,3,0,10,0,23,Dolphins,7,7,6,7,0,27,201609,-3,1,7,4,50,4,2016,9,0,0,1,1,1,1091
Jaguars,0,7,0,7,0,14,Chiefs,7,3,6,3,0,19,201609,7,3,9,5,33,5,2016,9,0,0,0,1,0,949
Cowboys,7,14,14,0,0,35,Browns,3,7,0,0,0,10,201609,4,11,25,25,45,-25,2016,9,0,0,0,0,0,1024
Falcons,10,10,13,10,0,43,Buccaneers,7,7,0,14,0,28,201609,3,6,19,15,71,-15,2016,9,0,0,0,1,1,416
Eagles,3,7,7,6,0,23,Giants,14,7,7,0,0,28,201609,11,11,11,5,51,5,2016,9,0,0,1,1,1,80
Texans,14,0,7,3,0,24,Jaguars,7,3,0,11,0,21,201610,7,4,11,3,45,-3,2016,10,0,1,0,1,1,820
Seahawks,6,13,3,9,0,31,Patriots,7,7,7,3,0,24,201610,-1,5,1,7,55,-7,2016,10,0,0,1,0,0,2495
Cowboys,10,3,10,12,0,35,Steelers,12,3,3,12,0,30,201610,-2,-2,5,5,65,-5,2016,10,0,0,0,0,0,1069
Bengals,7,3,10,0,0,20,Giants,7,7,0,7,0,21,201610,0,4,-6,1,41,1,2016,10,0,1,0,0,0,563
Dolphins,0,7,14,10,0,31,Chargers,0,10,7,7,0,24,201610,0,-3,4,7,55,-7,2016,10,0,0,0,1,0,2267
Chiefs,0,3,0,17,0,20,Panthers,3,14,0,0,0,17,201610,-3,-14,-14,3,37,-3,2016,10,0,0,0,0,0,801
49ers,0,10,3,7,0,20,Cardinals,7,13,0,3,0,23,201610,7,10,7,3,43,3,2016,10,0,0,1,1,1,652
Bears,3,7,0,0,0,10,Buccaneers,7,10,12,7,0,36,201610,4,7,19,26,46,26,2016,10,0,1,0,1,0,1004
Falcons,0,6,3,6,0,15,Eagles,7,0,3,14,0,24,201610,7,1,1,9,39,9,2016,10,0,0,0,1,0,665
Rams,3,0,3,3,0,9,Jets,0,6,0,0,0,6,201610,3,-3,0,3,15,-3,2016,10,0,0,0,0,0,2445
Broncos,7,3,0,15,0,25,Saints,0,3,14,6,0,23,201610,7,7,-7,2,48,-2,2016,10,0,0,0,0,0,1079
Packers,0,16,9,0,0,25,Titans,21,14,6,6,0,47,201610,21,19,16,22,72,22,2016,10,0,0,0,0,0,580
Browns,0,7,0,0,0,7,Ravens,0,6,15,7,0,28,201610,0,-1,14,21,35,21,2016,10,0,0,0,1,1,307
Vikings,0,20,0,0,0,20,Washington,7,7,6,6,0,26,201610,7,-6,0,6,46,6,2016,10,0,0,1,1,0,931
Texans,3,7,7,3,0,20,Raiders,0,10,3,14,0,27,201611,-3,0,-4,7,47,7,2016,11,0,0,1,1,0,1635
Packers,0,10,0,14,0,24,Washington,7,6,9,20,0,42,201611,7,3,12,18,66,18,2016,11,0,0,0,1,0,686
Eagles,0,7,0,8,0,15,Seahawks,6,10,7,3,0,26,201611,6,9,16,11,41,11,2016,11,0,0,0,1,0,2373
Patriots,6,7,0,17,0,30,49ers,3,7,0,7,0,17,201611,3,3,3,13,47,-13,2016,11,0,0,0,0,0,2698
Dolphins,0,0,0,14,0,14,Rams,7,0,3,0,0,10,201611,-7,-7,-10,4,24,-4,2016,11,0,0,0,0,0,2335
Bears,9,7,0,0,0,16,Giants,6,3,13,0,0,22,201611,-3,-7,6,6,38,6,2016,11,0,0,0,1,0,711
Cardinals,7,10,0,7,0,24,Vikings,7,13,10,0,0,30,201611,0,3,13,6,54,6,2016,11,0,0,0,1,0,1278
Titans,0,7,7,3,0,17,Colts,14,7,0,3,0,24,201611,14,14,7,7,41,7,2016,11,0,0,1,1,1,251
Jaguars,3,6,10,0,0,19,Lions,0,9,7,10,0,26,201611,-3,0,-3,7,45,7,2016,11,0,0,1,0,0,832
Ravens,7,3,0,7,0,17,Cowboys,0,10,7,10,0,27,201611,-7,0,7,10,44,10,2016,11,0,0,0,0,0,1210
Steelers,3,11,3,7,0,24,Browns,0,0,3,6,0,9,201611,3,14,14,15,33,-15,2016,11,0,0,0,1,1,114
Bills,7,3,3,3,0,16,Bengals,6,6,0,0,0,12,201611,1,-2,1,4,28,-4,2016,11,0,1,0,1,0,388
Saints,3,0,0,17,0,20,Panthers,3,17,3,0,0,23,201611,0,17,20,3,43,3,2016,11,0,0,0,1,1,648
Buccaneers,0,9,3,7,0,19,Chiefs,3,7,0,7,0,17,201611,-3,-1,2,2,36,-2,2016,11,0,0,0,0,0,1037
Bengals,0,3,6,5,0,14,Ravens,10,6,0,3,0,19,201612,10,13,7,5,33,5,2016,12,0,0,0,1,1,419
Packers,7,7,3,10,0,27,Eagles,7,3,3,0,0,13,201612,0,4,4,14,40,-14,2016,12,0,0,0,1,0,728
Chiefs,0,9,7,8,6,30,Broncos,0,3,7,14,3,27,201612,0,6,6,3,57,-3,2016,12,0,0,1,1,1,556
Patriots,0,10,3,9,0,22,Jets,3,7,0,7,0,17,201612,-3,0,3,5,39,-5,2016,12,0,0,1,1,1,181
Panthers,7,0,18,7,0,32,Raiders,7,17,0,11,0,35,201612,0,17,-1,3,67,3,2016,12,0,0,0,0,0,2288
Seahawks,0,5,0,0,0,5,Buccaneers,14,0,0,0,0,14,201612,14,9,9,9,19,9,2016,12,0,0,0,1,0,2526
Chargers,0,14,0,7,0,21,Texans,0,7,0,6,0,13,201612,0,7,7,8,34,-8,2016,12,0,1,0,1,0,1301
Rams,7,14,0,0,0,21,Saints,7,21,14,7,0,49,201612,0,7,21,28,70,28,2016,12,0,0,0,1,0,1669
Vikings,7,0,3,3,0,13,Lions,7,3,0,6,0,16,201612,0,3,0,3,29,3,2016,12,0,0,0,1,1,542
Giants,0,14,0,13,0,27,Browns,0,6,0,7,0,13,201612,0,8,8,14,40,-14,2016,12,0,0,0,0,0,403
Titans,7,14,3,3,0,27,Bears,7,0,0,14,0,21,201612,0,14,17,6,48,-6,2016,12,0,0,0,0,0,395
Jaguars,7,0,7,7,0,21,Bills,0,6,14,8,0,28,201612,-7,-1,6,7,49,7,2016,12,0,0,0,1,0,880
Cardinals,7,6,0,6,0,19,Falcons,7,10,7,14,0,38,201612,0,4,11,19,57,19,2016,12,0,0,1,1,0,1588
Steelers,14,7,0,7,0,28,Colts,0,7,0,0,0,7,201612,14,14,14,21,35,-21,2016,12,0,0,0,1,0,328
Washington,0,6,0,20,0,26,Cowboys,7,10,0,14,0,31,201612,7,11,11,5,57,5,2016,12,0,0,0,1,1,1181
49ers,7,0,7,10,0,24,Dolphins,0,14,10,7,0,31,201612,-7,7,10,7,55,7,2016,12,0,0,0,0,0,2590
Colts,14,10,10,7,0,41,Jets,0,3,0,7,0,10,201613,14,21,31,31,51,-31,2016,13,0,0,0,1,0,643
Panthers,0,7,0,0,0,7,Seahawks,10,13,7,10,0,40,201613,10,16,23,33,47,33,2016,13,0,0,0,1,0,2280
Buccaneers,7,0,10,11,0,28,Chargers,7,7,7,0,0,21,201613,0,-7,-4,7,49,-7,2016,13,0,0,0,0,0,2085
Giants,0,0,7,7,0,14,Steelers,5,9,7,3,0,24,201613,5,14,14,10,38,10,2016,13,0,0,0,0,0,314
Washington,0,6,14,3,0,23,Cardinals,7,3,7,14,0,31,201613,7,4,-3,8,54,8,2016,13,0,0,0,1,0,1977
Bills,3,7,14,0,0,24,Raiders,3,6,14,15,0,38,201613,0,-1,-1,14,62,14,2016,13,0,0,0,1,0,2286
Broncos,0,10,7,3,0,20,Jaguars,0,3,0,7,0,10,201613,0,7,14,10,30,-10,2016,13,0,0,0,1,0,1465
Dolphins,0,0,0,6,0,6,Ravens,14,10,0,14,0,38,201613,14,24,24,32,44,32,2016,13,0,0,0,1,0,956
Rams,0,0,3,7,0,10,Patriots,7,10,6,3,0,26,201613,7,17,20,16,36,16,2016,13,0,0,0,0,0,2594
Texans,0,0,7,6,0,13,Packers,0,7,0,14,0,21,201613,0,7,0,8,34,8,2016,13,0,0,0,0,0,1095
Eagles,0,0,7,7,0,14,Bengals,10,9,10,3,0,32,201613,10,19,22,18,46,18,2016,13,0,0,0,0,0,497
49ers,0,6,0,0,0,6,Bears,0,7,14,5,0,26,201613,0,1,15,20,32,20,2016,13,0,0,0,1,0,1853
Chiefs,6,14,7,2,0,29,Falcons,10,6,0,12,0,28,201613,-4,4,11,1,57,-1,2016,13,0,0,0,0,0,675
Cowboys,0,7,0,10,0,17,Vikings,3,0,3,9,0,15,201613,-3,4,1,2,32,-2,2016,13,0,0,0,1,0,863
Lions,3,10,6,9,0,28,Saints,0,6,0,7,0,13,201613,3,7,13,15,41,-15,2016,13,0,0,0,1,0,939
Cowboys,7,0,0,0,0,7,Giants,0,0,10,0,0,10,201614,-7,-7,3,3,17,3,2016,14,0,0,0,1,1,1370
Saints,0,8,3,0,0,11,Buccaneers,3,10,0,3,0,16,201614,3,5,2,5,27,5,2016,14,0,0,0,1,1,480
Falcons,7,14,21,0,0,42,Rams,0,0,0,14,0,14,201614,7,21,42,28,56,-28,2016,14,0,0,0,1,0,1932
Seahawks,3,0,0,7,0,10,Packers,7,14,7,10,0,38,201614,4,18,25,28,48,28,2016,14,0,0,0,1,0,1645
Jets,0,3,3,11,6,23,49ers,14,3,0,0,0,17,201614,-14,-14,-11,6,40,-6,2016,14,0,0,0,0,0,2565
Vikings,6,3,3,13,0,25,Jaguars,0,9,7,0,0,16,201614,6,0,-4,9,41,-9,2016,14,0,0,0,0,0,1192
Chargers,0,7,9,0,0,16,Panthers,10,13,3,2,0,28,201614,10,16,10,12,44,12,2016,14,0,0,0,0,0,2076
Ravens,0,3,14,6,0,23,Patriots,9,7,7,7,0,30,201614,9,13,6,7,53,7,2016,14,0,0,0,1,0,350
Cardinals,6,3,0,14,0,23,Dolphins,7,7,7,5,0,26,201614,1,5,12,3,49,3,2016,14,0,0,0,0,0,1978
Texans,3,10,3,6,0,22,Colts,3,0,7,7,0,17,201614,0,10,6,5,39,-5,2016,14,0,0,0,1,1,865
Broncos,0,0,0,10,0,10,Titans,10,3,0,0,0,13,201614,10,13,13,3,23,3,2016,14,0,0,1,1,0,1019
Bears,3,0,7,7,0,17,Lions,0,10,3,7,0,20,201614,-3,7,3,3,37,3,2016,14,0,0,0,1,1,238
Bengals,13,7,0,3,0,23,Browns,0,0,7,3,0,10,201614,13,20,13,13,33,-13,2016,14,0,0,1,1,1,217
Steelers,7,7,7,6,0,27,Bills,0,7,0,13,0,20,201614,7,7,14,7,47,-7,2016,14,0,0,0,1,0,178
Raiders,3,7,3,0,0,13,Chiefs,0,21,0,0,0,21,201614,-3,11,8,8,34,8,2016,14,0,0,0,1,1,1495
Washington,0,7,14,6,0,27,Eagles,3,10,0,9,0,22,201614,-3,-6,8,5,49,-5,2016,14,0,0,0,1,1,123
Panthers,10,3,10,3,0,26,Washington,3,6,0,6,0,15,201615,7,4,14,11,41,-11,2016,15,0,0,0,1,0,329
Buccaneers,3,3,14,0,0,20,Cowboys,0,17,0,9,0,26,201615,-3,11,-3,6,46,6,2016,15,0,0,0,1,0,916
Raiders,3,7,3,6,0,19,Chargers,7,3,6,0,0,16,201615,-4,0,-3,3,35,-3,2016,15,0,0,0,1,1,454
Patriots,3,7,3,3,0,16,Broncos,3,0,0,0,0,3,201615,0,7,10,13,19,-13,2016,15,0,0,0,1,0,1769
Saints,10,14,3,21,0,48,Cardinals,7,13,7,14,0,41,201615,3,4,0,7,89,-7,2016,15,0,0,0,1,0,1312
49ers,0,13,0,0,0,13,Falcons,21,7,10,3,0,41,201615,21,15,25,28,54,28,2016,15,0,0,0,1,0,2135
Jaguars,0,13,7,0,0,20,Texans,0,5,6,10,0,21,201615,0,-8,-9,1,41,1,2016,15,0,0,0,1,1,820
Eagles,3,11,0,12,0,26,Ravens,10,10,0,7,0,27,201615,7,6,6,1,53,1,2016,15,0,0,0,0,0,89
Lions,0,3,3,0,0,6,Giants,7,3,0,7,0,17,201615,7,7,4,11,23,11,2016,15,0,0,0,1,0,480
Titans,0,7,0,12,0,19,Chiefs,14,3,0,0,0,17,201615,-14,-10,-10,2,36,-2,2016,15,0,0,0,1,0,471
Steelers,3,6,6,9,0,24,Bengals,10,10,0,0,0,20,201615,-7,-11,-5,4,44,-4,2016,15,0,0,0,1,1,252
Packers,7,3,17,3,0,30,Bears,0,10,0,17,0,27,201615,7,0,17,3,57,-3,2016,15,0,0,0,1,1,185
Browns,3,0,10,0,0,13,Bills,10,7,7,9,0,33,201615,7,14,11,20,46,20,2016,15,0,0,0,1,0,173
Dolphins,0,13,21,0,0,34,Jets,7,3,0,3,0,13,201615,-7,3,24,21,47,-21,2016,15,0,0,0,1,1,1091
Rams,0,3,0,0,0,3,Seahawks,0,10,7,7,0,24,201615,0,7,14,21,27,21,2016,15,0,0,0,1,1,960
Colts,10,17,0,7,0,34,Vikings,0,0,3,3,0,6,201615,10,27,24,28,40,-28,2016,15,0,0,0,0,0,510
49ers,7,0,0,15,0,22,Rams,14,0,0,7,0,21,201616,-7,-7,-7,1,43,-1,2016,16,0,0,0,1,1,347
Lions,7,14,0,0,0,21,Cowboys,14,7,14,7,0,42,201616,7,0,14,21,63,21,2016,16,0,0,0,1,0,999
Ravens,3,3,11,10,0,27,Steelers,7,0,3,21,0,31,201616,4,1,-7,4,58,4,2016,16,0,0,0,1,1,196
Bengals,0,3,0,7,0,10,Texans,0,0,3,9,0,12,201616,0,-3,0,2,22,2,2016,16,0,0,0,1,0,897
Cardinals,7,7,0,20,0,34,Seahawks,0,3,7,21,0,31,201616,7,11,4,3,65,-3,2016,16,0,0,0,1,1,1114
Buccaneers,0,7,14,3,0,24,Saints,7,6,15,3,0,31,201616,7,6,7,7,55,7,2016,16,0,0,0,1,1,480
Colts,0,7,7,11,0,25,Raiders,0,19,14,0,0,33,201616,0,12,19,8,58,8,2016,16,0,0,0,1,0,1936
Broncos,7,3,0,0,0,10,Chiefs,21,0,0,12,0,33,201616,14,11,11,23,43,23,2016,16,0,0,0,1,1,556
Falcons,13,7,3,10,0,33,Panthers,0,3,10,3,0,16,201616,13,17,10,17,49,-17,2016,16,0,0,0,1,1,226
Jets,0,0,0,3,0,3,Patriots,10,17,7,7,0,41,201616,10,27,34,38,44,38,2016,16,0,0,0,1,1,181
Vikings,3,10,0,12,0,25,Packers,14,14,0,10,0,38,201616,11,15,15,13,63,13,2016,16,0,0,0,1,1,259
Chargers,10,0,7,0,0,17,Browns,7,10,3,0,0,20,201616,-3,7,3,3,37,3,2016,16,0,0,0,1,0,2030
Washington,14,10,7,10,0,41,Bears,0,14,0,7,0,21,201616,14,10,17,20,62,-20,2016,16,0,0,0,1,0,594
Dolphins,7,7,14,3,3,34,Bills,0,7,14,10,0,31,201616,7,7,7,3,65,-3,2016,16,0,0,0,1,1,1184
Titans,0,7,3,7,0,17,Jaguars,10,9,6,13,0,38,201616,10,12,15,21,55,21,2016,16,0,0,0,1,1,500
Giants,3,10,3,3,0,19,Eagles,14,7,0,3,0,24,201616,11,8,5,5,43,5,2016,16,0,0,0,1,1,80
Packers,0,10,7,14,0,31,Lions,0,14,0,10,0,24,201617,0,-4,3,7,55,-7,2016,17,0,0,0,1,1,291
Giants,3,7,0,9,0,19,Washington,0,0,3,7,0,10,201617,3,10,7,9,29,-9,2016,17,0,0,0,1,1,204
Seahawks,3,16,3,3,0,25,49ers,7,7,2,7,0,23,201617,-4,5,6,2,48,-2,2016,17,0,0,0,1,1,679
Chiefs,3,17,14,3,0,37,Chargers,3,7,7,10,0,27,201617,0,10,17,10,64,-10,2016,17,0,0,0,1,1,1334
Cardinals,3,13,14,14,0,44,Rams,0,6,0,0,0,6,201617,3,10,24,38,50,-38,2016,17,0,0,0,1,1,356
Raiders,0,0,6,0,0,6,Broncos,7,10,7,0,0,24,201617,7,17,18,18,30,18,2016,17,0,0,0,1,1,939
Saints,10,3,0,19,0,32,Falcons,14,21,3,0,0,38,201617,4,22,25,6,70,6,2016,17,0,0,0,1,1,424
Panthers,7,0,3,6,0,16,Buccaneers,3,0,7,7,0,17,201617,-4,-4,0,1,33,1,2016,17,0,0,0,1,1,511
Ravens,3,0,0,7,0,10,Bengals,14,6,0,7,0,27,201617,11,17,17,17,37,17,2016,17,0,0,0,1,1,419
Cowboys,0,10,3,0,0,13,Eagles,3,7,7,10,0,27,201617,3,0,4,14,40,14,2016,17,0,0,0,1,1,1297
Bills,0,3,0,7,0,10,Jets,0,10,10,10,0,30,201617,0,7,17,20,40,20,2016,17,0,0,0,1,1,292
Bears,0,10,0,0,0,10,Vikings,7,17,0,14,0,38,201617,7,14,14,28,48,28,2016,17,0,0,0,1,1,355
Patriots,14,6,7,8,0,35,Dolphins,0,7,7,0,0,14,201617,14,13,13,21,49,-21,2016,17,0,0,0,1,1,1241
Jaguars,10,7,0,3,0,20,Colts,0,3,14,7,0,24,201617,-10,-14,0,4,44,4,2016,17,0,0,0,1,1,699
Texans,0,0,10,7,0,17,Titans,7,7,7,3,0,24,201617,7,14,11,7,41,7,2016,17,0,0,0,1,1,665
Browns,7,7,0,7,3,24,Steelers,0,7,0,14,6,27,201617,-7,-7,-7,3,51,3,2016,17,0,0,0,1,1,114
Raiders,7,0,0,7,0,14,Texans,10,10,0,7,0,27,201618,3,13,13,13,41,13,2016,18,1,0,0,1,0,1635
Lions,0,3,3,0,0,6,Seahawks,0,10,0,16,0,26,201618,0,7,4,20,32,20,2016,18,1,0,0,1,0,1933
Dolphins,3,3,0,6,0,12,Steelers,14,6,10,0,0,30,201618,11,14,24,18,42,18,2016,18,1,0,0,1,0,1013
Giants,3,3,7,0,0,13,Packers,0,14,10,14,0,38,201618,-3,8,11,25,51,25,2016,18,1,0,0,1,0,758
Steelers,6,6,3,3,0,18,Chiefs,7,0,3,6,0,16,201619,-1,5,5,2,34,-2,2016,19,1,0,1,1,0,779
Packers,7,14,7,6,0,34,Cowboys,3,10,0,18,0,31,201619,4,8,15,3,65,-3,2016,19,1,0,1,1,0,937
Texans,3,10,0,3,0,16,Patriots,14,3,7,10,0,34,201619,11,4,11,18,50,18,2016,19,1,0,1,1,0,1597
Seahawks,7,3,3,7,0,20,Falcons,0,19,7,10,0,36,201619,-7,9,13,16,56,16,2016,19,1,0,1,1,0,2178
Packers,0,0,15,6,0,21,Falcons,10,14,13,7,0,44,201620,10,24,22,23,65,23,2016,20,1,0,0,1,0,768
Steelers,0,9,0,8,0,17,Patriots,10,7,16,3,0,36,201620,10,8,24,19,53,19,2016,20,1,0,0,1,0,479
Patriots,0,3,6,19,6,34,Falcons,0,21,7,0,0,28,201622,0,-18,-19,6,62,-6,2016,22,1,1,1,0,0,926
Chargers,0,7,0,14,0,21,Broncos,7,7,10,0,0,24,201701,7,7,17,3,45,3,2017,1,0,0,0,1,1,830
Saints,3,3,3,10,0,19,Vikings,3,13,3,10,0,29,201701,0,10,10,10,48,10,2017,1,0,0,0,1,0,1052
Giants,0,0,3,0,0,3,Cowboys,3,13,0,3,0,19,201701,3,16,13,16,22,16,2017,1,0,0,0,1,1,1370
Panthers,7,6,10,0,0,23,49ers,0,0,3,0,0,3,201701,7,13,20,20,26,-20,2017,1,0,0,0,1,0,2296
Seahawks,0,3,3,3,0,9,Packers,0,0,14,3,0,17,201701,0,-3,8,8,26,8,2017,1,0,0,0,1,0,1645
Colts,3,0,0,6,0,9,Rams,10,17,10,9,0,46,201701,7,24,34,37,55,37,2017,1,0,0,0,0,0,1805
Jaguars,3,16,7,3,0,29,Texans,0,0,7,0,0,7,201701,3,19,19,22,36,-22,2017,1,0,0,0,1,1,820
Jets,0,6,6,0,0,12,Bills,0,7,7,7,0,21,201701,0,1,2,9,33,9,2017,1,0,0,0,1,1,292
Raiders,7,6,3,10,0,26,Titans,7,3,3,3,0,16,201701,0,3,3,10,42,-10,2017,1,0,0,0,1,0,1950
Cardinals,10,0,7,6,0,23,Lions,0,9,6,20,0,35,201701,-10,-1,-2,12,58,12,2017,1,0,0,0,1,0,1687
Steelers,7,7,7,0,0,21,Browns,7,0,3,8,0,18,201701,0,7,11,3,39,-3,2017,1,0,0,0,1,1,114
Ravens,3,14,3,0,0,20,Bengals,0,0,0,0,0,0,201701,3,17,20,20,20,-20,2017,1,0,0,0,1,1,419
Falcons,3,7,3,10,0,23,Bears,0,10,0,7,0,17,201701,3,0,3,6,40,-6,2017,1,0,0,0,1,0,587
Chiefs,7,7,7,21,0,42,Patriots,7,10,10,0,0,27,201701,0,-3,-6,15,69,-15,2017,1,0,0,0,1,0,1249
Eagles,7,9,3,11,0,30,Washington,0,14,3,0,0,17,201701,7,2,2,13,47,-13,2017,1,0,0,0,1,1,123
Jets,0,10,3,7,0,20,Raiders,7,14,7,17,0,45,201702,7,11,15,25,65,25,2017,2,0,0,0,1,0,2557
Lions,7,10,0,7,0,24,Giants,0,7,3,0,0,10,201702,7,10,7,14,34,-14,2017,2,0,0,0,1,0,480
Packers,7,0,3,13,0,23,Falcons,7,17,10,0,0,34,201702,0,17,24,11,57,11,2017,2,0,0,0,1,0,768
49ers,0,6,0,3,0,9,Seahawks,6,0,0,6,0,12,201702,6,0,0,3,21,3,2017,2,0,0,0,1,1,679
Washington,3,17,0,7,0,27,Rams,0,10,7,3,0,20,201702,3,10,3,7,47,-7,2017,2,0,0,0,1,0,2294
Cowboys,0,10,0,7,0,17,Broncos,7,14,14,7,0,42,201702,7,11,25,25,59,25,2017,2,0,0,0,0,0,661
Browns,0,7,3,0,0,10,Ravens,7,14,0,3,0,24,201702,7,14,11,14,34,14,2017,2,0,0,0,1,1,307
Dolphins,3,0,10,6,0,19,Chargers,0,10,7,0,0,17,201702,3,-7,-4,2,36,-2,2017,2,0,0,0,1,0,2335
Bills,0,0,0,3,0,3,Panthers,3,3,0,3,0,9,201702,3,6,6,6,12,6,2017,2,0,0,0,0,0,539
Bears,0,0,0,7,0,7,Buccaneers,10,16,0,3,0,29,201702,10,26,26,22,36,22,2017,2,0,0,0,1,0,1004
Titans,3,3,17,14,0,37,Jaguars,3,0,0,13,0,16,201702,0,3,20,21,53,-21,2017,2,0,0,0,1,1,500
Vikings,0,3,6,0,0,9,Steelers,7,7,6,6,0,26,201702,7,11,11,17,35,17,2017,2,0,0,0,0,0,741
Patriots,20,10,3,3,0,36,Saints,3,10,0,7,0,20,201702,17,17,20,16,56,-16,2017,2,0,0,0,0,0,1349
Eagles,3,0,7,10,0,20,Chiefs,3,3,7,14,0,27,201702,0,3,3,7,47,7,2017,2,0,0,0,0,0,1034
Cardinals,0,3,0,10,3,16,Colts,10,0,0,3,0,13,201702,-10,-7,-7,3,29,-3,2017,2,0,0,0,0,0,1496
Texans,3,7,0,3,0,13,Bengals,0,6,3,0,0,9,201702,3,4,1,4,22,-4,2017,2,0,0,0,1,0,897
Raiders,0,0,7,3,0,10,Washington,7,7,7,6,0,27,201703,7,14,14,17,37,17,2017,3,0,0,0,0,0,2426
Chiefs,14,3,0,7,0,24,Chargers,7,3,0,0,0,10,201703,7,7,7,14,34,-14,2017,3,0,0,0,1,1,1354
Bengals,7,14,0,3,0,24,Packers,7,0,7,10,3,27,201703,0,-14,-7,3,51,3,2017,3,0,0,0,0,0,412
Seahawks,0,7,7,13,0,27,Titans,0,9,21,3,0,33,201703,0,2,16,6,60,6,2017,3,0,0,0,0,0,1970
Saints,7,10,7,10,0,34,Panthers,3,3,7,0,0,13,201703,4,11,11,21,47,-21,2017,3,0,0,0,1,1,648
Giants,0,0,0,24,0,24,Eagles,0,7,7,13,0,27,201703,0,7,14,3,51,3,2017,3,0,0,0,1,1,80
Dolphins,0,0,0,6,0,6,Jets,0,10,10,0,0,20,201703,0,10,20,14,26,14,2017,3,0,0,0,1,1,1091
Cowboys,0,7,7,14,0,28,Cardinals,7,0,7,3,0,17,201703,-7,0,0,11,45,-11,2017,3,0,0,0,1,0,884
Buccaneers,3,0,14,0,0,17,Vikings,7,14,10,3,0,34,201703,4,18,14,17,51,17,2017,3,0,0,0,1,0,1318
Browns,0,14,0,14,0,28,Colts,7,21,0,3,0,31,201703,7,14,14,3,59,3,2017,3,0,0,0,1,0,262
Falcons,7,13,3,7,0,30,Lions,0,13,10,3,0,26,201703,7,7,0,4,56,-4,2017,3,0,0,0,1,0,597
Steelers,0,7,7,3,0,17,Bears,7,10,0,0,6,23,201703,7,10,3,6,40,6,2017,3,0,0,0,0,0,409
Broncos,3,10,3,0,0,16,Bills,0,13,7,6,0,26,201703,-3,0,4,10,42,10,2017,3,0,0,0,1,0,1366
Ravens,0,0,0,7,0,7,Jaguars,10,13,14,7,0,44,201703,10,23,37,37,51,37,2017,3,0,0,0,1,0,681
Rams,14,10,10,7,0,41,49ers,7,6,7,19,0,39,201703,7,11,14,2,80,-2,2017,3,0,0,0,1,1,347
Texans,10,10,7,6,0,33,Patriots,7,14,7,8,0,36,201703,-3,1,1,3,69,3,2017,3,0,0,0,1,0,1597
Washington,10,0,7,3,0,20,Chiefs,0,7,10,12,0,29,201704,-10,-3,0,9,49,9,2017,4,0,0,0,0,0,940
Colts,2,13,3,0,0,18,Seahawks,3,7,22,14,0,46,201704,1,-5,14,28,64,28,2017,4,0,0,0,0,0,1867
Raiders,0,7,0,3,0,10,Broncos,10,0,6,0,0,16,201704,10,3,9,6,26,6,2017,4,0,0,0,1,1,939
Giants,0,10,7,6,0,23,Buccaneers,13,3,0,9,0,25,201704,13,6,-1,2,48,2,2017,4,0,0,0,1,0,1004
Eagles,10,6,3,7,0,26,Chargers,0,10,0,14,0,24,201704,10,6,9,2,50,-2,2017,4,0,0,0,0,0,2388
49ers,3,3,6,0,3,15,Cardinals,0,6,3,3,6,18,201704,-3,0,-3,3,33,3,2017,4,0,0,0,1,1,652
Titans,0,14,0,0,0,14,Texans,14,16,7,20,0,57,201704,14,16,23,43,71,43,2017,4,0,0,0,1,1,665
Steelers,3,16,0,7,0,26,Ravens,0,0,9,0,0,9,201704,3,19,10,17,35,-17,2017,4,0,0,0,1,1,196
Jaguars,7,3,0,10,0,20,Jets,7,3,10,0,3,23,201704,0,0,10,3,43,3,2017,4,0,0,0,1,0,835
Lions,0,3,11,0,0,14,Vikings,0,7,0,0,0,7,201704,0,-4,7,7,21,-7,2017,4,0,0,0,1,1,542
Rams,3,13,10,9,0,35,Cowboys,3,21,0,6,0,30,201704,0,-8,2,5,65,-5,2017,4,0,0,0,1,0,1237
Bengals,0,21,10,0,0,31,Browns,0,0,0,7,0,7,201704,0,21,31,24,38,-24,2017,4,0,0,0,1,1,217
Bills,0,7,7,9,0,23,Falcons,0,10,0,7,0,17,201704,0,-3,4,6,40,-6,2017,4,0,0,0,0,0,698
Saints,0,3,7,10,0,20,Dolphins,0,0,0,0,0,0,201704,0,3,10,20,20,-20,2017,4,0,0,0,0,0,668
Bears,0,7,0,7,0,14,Packers,14,7,7,7,0,35,201704,14,14,21,21,49,21,2017,4,0,0,0,1,1,185
Panthers,3,14,6,10,0,33,Patriots,3,13,0,14,0,30,201704,0,1,7,3,63,-3,2017,4,0,0,0,0,0,710
Jaguars,0,7,13,10,0,30,Steelers,3,3,3,0,0,9,201705,-3,1,11,21,39,-21,2017,5,0,0,0,1,0,704
Vikings,0,3,14,3,0,20,Bears,2,0,7,8,0,17,201705,-2,1,8,3,37,-3,2017,5,0,0,0,1,1,355
Chiefs,3,20,0,19,0,42,Texans,0,7,6,21,0,34,201705,3,16,10,8,76,-8,2017,5,0,0,0,1,0,646
Packers,6,6,3,20,0,35,Cowboys,7,14,0,10,0,31,201705,-1,-9,-6,4,66,-4,2017,5,0,0,0,1,0,937
Seahawks,0,10,3,3,0,16,Rams,0,10,0,0,0,10,201705,0,0,3,6,26,-6,2017,5,0,0,0,1,1,960
Ravens,14,10,0,6,0,30,Raiders,3,7,7,0,0,17,201705,11,14,7,13,47,-13,2017,5,0,0,0,1,0,2442
Cardinals,0,7,0,0,0,7,Eagles,21,0,10,3,0,34,201705,21,14,24,27,41,27,2017,5,0,0,0,1,0,2078
Panthers,3,14,10,0,0,27,Lions,3,7,0,14,0,24,201705,0,7,17,3,51,-3,2017,5,0,0,0,1,0,504
Titans,0,3,7,0,0,10,Dolphins,10,0,0,6,0,16,201705,10,7,0,6,26,6,2017,5,0,0,0,1,0,816
Patriots,3,10,3,3,0,19,Buccaneers,0,7,0,7,0,14,201705,3,6,9,5,33,-5,2017,5,0,0,0,0,0,1169
Bills,3,7,3,3,0,16,Bengals,7,3,0,10,0,20,201705,4,0,-3,4,36,4,2017,5,0,0,0,1,0,388
Chargers,0,10,7,10,0,27,Giants,9,0,7,6,0,22,201705,-9,1,1,5,49,-5,2017,5,0,0,0,0,0,2445
Jets,0,3,7,7,0,17,Browns,0,0,7,7,0,14,201705,0,3,3,3,31,-3,2017,5,0,0,0,1,0,403
49ers,3,3,0,17,0,23,Colts,3,3,10,7,3,26,201705,0,0,10,3,49,3,2017,5,0,0,0,0,0,1944
Colts,3,10,6,3,0,22,Titans,6,3,6,21,0,36,201706,3,-4,-4,14,58,14,2017,6,0,0,0,1,1,251
Giants,3,14,3,3,0,23,Broncos,0,3,0,7,0,10,201706,3,14,17,13,33,-13,2017,6,0,0,1,0,0,1627
Chargers,0,7,0,10,0,17,Raiders,7,3,0,6,0,16,201706,-7,-3,-3,1,33,-1,2017,6,0,0,0,1,1,343
Steelers,2,10,0,7,0,19,Chiefs,3,0,0,10,0,13,201706,-1,9,9,6,32,-6,2017,6,0,0,0,1,0,779
Buccaneers,0,0,6,27,0,33,Cardinals,14,10,7,7,0,38,201706,14,24,25,5,71,5,2017,6,0,0,0,1,0,1793
Bears,0,10,7,7,3,27,Ravens,0,3,7,14,0,24,201706,0,7,7,3,51,-3,2017,6,0,0,0,0,0,605
Rams,17,7,0,3,0,27,Jaguars,14,0,3,0,0,17,201706,3,10,7,10,44,-10,2017,6,0,0,0,0,0,2143
Patriots,0,14,7,3,0,24,Jets,7,7,0,3,0,17,201706,-7,0,7,7,41,-7,2017,6,0,0,0,1,1,181
Lions,7,3,14,14,0,38,Saints,17,14,14,7,0,52,201706,10,21,21,14,90,14,2017,6,0,0,1,1,0,939
Packers,0,10,0,0,0,10,Vikings,0,14,3,6,0,23,201706,0,4,7,13,33,13,2017,6,0,0,0,1,1,259
Dolphins,0,0,14,6,0,20,Falcons,10,7,0,0,0,17,201706,-10,-17,-3,3,37,-3,2017,6,0,0,1,0,0,605
Eagles,3,7,11,7,0,28,Panthers,3,7,6,7,0,23,201706,0,0,5,5,51,-5,2017,6,0,0,0,1,0,450
49ers,0,7,10,7,0,24,Washington,7,10,0,9,0,26,201706,7,10,0,2,50,2,2017,6,0,0,1,1,0,2435
Browns,3,0,0,14,0,17,Texans,10,14,9,0,0,33,201706,7,21,30,16,50,16,2017,6,0,0,0,1,0,1113
Broncos,0,0,0,0,0,0,Chargers,7,7,0,7,0,21,201707,7,14,14,21,21,21,2017,7,0,0,0,1,1,830
Seahawks,0,3,7,14,0,24,Giants,0,7,0,0,0,7,201707,0,-4,3,17,31,-17,2017,7,0,1,0,1,0,2401
Bengals,7,7,0,0,0,14,Steelers,7,13,6,3,0,29,201707,0,6,12,15,43,15,2017,7,0,1,0,1,1,252
Panthers,0,3,0,0,0,3,Bears,7,10,0,0,0,17,201707,7,14,14,14,20,14,2017,7,0,0,0,1,0,586
Washington,3,7,7,7,0,24,Eagles,0,17,7,10,0,34,201707,-3,7,7,10,58,10,2017,7,0,0,0,1,1,123
Cowboys,14,6,13,7,0,40,49ers,3,0,0,7,0,10,201707,11,17,30,30,50,-30,2017,7,0,1,0,1,0,1480
Falcons,0,0,0,7,0,7,Patriots,0,17,3,3,0,23,201707,0,17,20,16,30,16,2017,7,0,0,0,0,0,926
Ravens,3,3,3,7,0,16,Vikings,3,6,9,6,0,24,201707,0,3,9,8,40,8,2017,7,0,0,0,0,0,937
Chiefs,10,10,10,0,0,30,Raiders,14,0,7,10,0,31,201707,4,-6,-9,1,61,1,2017,7,0,0,0,1,1,1495
Cardinals,0,0,0,0,0,0,Rams,3,20,3,7,0,33,201707,3,23,26,33,33,33,2017,7,0,0,0,1,1,356
Jaguars,14,6,7,0,0,27,Colts,0,0,0,0,0,0,201707,14,20,27,27,27,-27,2017,7,0,0,0,1,1,699
Saints,0,7,9,10,0,26,Packers,7,7,0,3,0,17,201707,-7,-7,2,9,43,-9,2017,7,0,0,0,1,0,1012
Titans,3,3,0,3,3,12,Browns,0,3,3,3,0,9,201707,3,3,0,3,21,-3,2017,7,0,0,0,1,0,458
Buccaneers,6,0,7,14,0,27,Bills,3,7,7,13,0,30,201707,-3,4,4,3,57,3,2017,7,0,0,1,0,0,1051
Jets,14,7,7,0,0,28,Dolphins,7,7,0,17,0,31,201707,-7,-7,-14,3,59,3,2017,7,0,0,0,1,1,1091
49ers,0,0,7,3,0,10,Eagles,3,14,10,6,0,33,201708,3,17,20,23,43,23,2017,8,0,0,0,1,0,2516
Steelers,3,7,10,0,0,20,Lions,3,9,0,3,0,15,201708,0,-2,8,5,35,-5,2017,8,0,0,1,0,0,205
Cowboys,7,7,9,10,0,33,Washington,10,3,0,6,0,19,201708,-3,1,10,14,52,-14,2017,8,0,0,0,1,1,1181
Texans,14,7,3,14,0,38,Seahawks,14,7,6,14,0,41,201708,0,0,3,3,79,3,2017,8,0,1,0,0,0,1889
Panthers,7,3,0,7,0,17,Buccaneers,0,0,3,0,0,3,201708,7,10,7,14,20,-14,2017,8,0,0,0,1,1,511
Broncos,0,3,10,6,0,19,Chiefs,14,3,3,9,0,29,201708,14,14,7,10,48,10,2017,8,0,0,0,1,1,556
Bears,0,3,3,6,0,12,Saints,7,7,0,6,0,20,201708,7,11,8,8,32,8,2017,8,0,0,0,1,0,832
Chargers,7,0,0,6,0,13,Patriots,0,15,3,3,0,21,201708,-7,8,11,8,34,8,2017,8,0,0,0,1,0,2594
Colts,0,13,7,3,0,23,Bengals,3,7,7,7,0,24,201708,3,-3,-3,1,47,1,2017,8,0,0,0,1,0,99
Raiders,7,0,0,7,0,14,Bills,0,14,6,14,0,34,201708,-7,7,13,20,48,20,2017,8,0,0,0,1,0,2286
Vikings,3,9,11,10,0,33,Browns,6,7,3,0,0,16,201708,-3,-1,7,17,49,-17,2017,8,0,0,0,0,0,629
Dolphins,0,0,0,0,0,0,Ravens,7,13,0,20,0,40,201708,7,20,20,40,40,40,2017,8,0,0,0,1,0,956
Falcons,7,6,3,9,0,25,Jets,7,10,0,3,0,20,201708,0,-4,-1,5,45,-5,2017,8,0,0,0,0,0,745
Lions,7,7,3,13,0,30,Packers,0,3,0,14,0,17,201709,7,11,14,13,47,-13,2017,9,0,0,1,1,1,291
Raiders,3,10,7,7,0,27,Dolphins,0,9,7,8,0,24,201709,3,4,4,3,51,-3,2017,9,0,0,0,1,0,2582
Chiefs,0,10,7,0,0,17,Cowboys,7,7,7,7,0,28,201709,7,4,4,11,45,11,2017,9,0,0,0,0,0,453
Washington,0,7,3,7,0,17,Seahawks,2,0,0,12,0,14,201709,-2,5,8,3,31,-3,2017,9,0,0,0,1,0,2322
Cardinals,7,7,0,6,0,20,49ers,0,3,7,0,0,10,201709,7,11,4,10,30,-10,2017,9,0,1,0,1,1,652
Colts,7,3,7,3,0,20,Texans,0,7,0,7,0,14,201709,7,3,10,6,34,-6,2017,9,0,0,0,1,1,865
Bengals,0,7,0,0,0,7,Jaguars,3,10,3,7,0,23,201709,3,6,9,16,30,16,2017,9,0,0,1,1,0,630
Falcons,10,0,0,7,0,17,Panthers,0,14,6,0,0,20,201709,-10,4,10,3,37,3,2017,9,0,0,0,1,1,226
Broncos,3,6,0,14,0,23,Eagles,17,14,13,7,0,51,201709,14,22,35,28,74,28,2017,9,0,0,0,0,0,1574
Rams,7,20,21,3,0,51,Giants,7,3,0,7,0,17,201709,0,17,38,34,68,-34,2017,9,0,1,1,1,0,2445
Buccaneers,0,3,0,7,0,10,Saints,9,7,14,0,0,30,201709,9,13,27,20,40,20,2017,9,0,0,0,1,1,480
Ravens,3,3,0,14,0,20,Titans,10,6,0,7,0,23,201709,7,10,10,3,43,3,2017,9,0,0,1,1,0,595
Bills,0,7,0,14,0,21,Jets,7,3,14,10,0,34,201709,7,3,17,13,55,13,2017,9,0,0,0,1,1,292
Dolphins,0,7,7,7,0,21,Panthers,3,14,21,7,0,45,201710,3,10,24,24,66,24,2017,10,0,0,0,0,0,654
Patriots,14,13,7,7,0,41,Broncos,6,3,7,0,0,16,201710,8,18,18,25,57,-25,2017,10,0,1,0,1,0,1769
Giants,6,7,0,8,0,21,49ers,3,14,0,14,0,31,201710,-3,4,4,10,52,10,2017,10,0,0,0,1,0,2565
Cowboys,7,0,0,0,0,7,Falcons,3,7,7,10,0,27,201710,-4,3,10,20,34,20,2017,10,0,0,0,1,0,719
Texans,0,7,0,0,0,7,Rams,3,6,21,3,0,33,201710,3,2,23,26,40,26,2017,10,0,0,0,0,0,1371
Chargers,0,7,7,3,0,17,Jaguars,6,0,8,3,3,20,201710,6,-1,0,3,37,3,2017,10,0,1,0,1,0,2143
Vikings,7,21,7,3,0,38,Washington,10,7,3,10,0,30,201710,-3,11,15,8,68,-8,2017,10,0,1,0,1,0,931
Seahawks,7,8,0,7,0,22,Cardinals,0,7,3,6,0,16,201710,7,8,5,6,38,-6,2017,10,0,0,0,1,1,1114
Steelers,0,3,6,11,0,20,Colts,0,10,7,0,0,17,201710,0,-7,-8,3,37,-3,2017,10,0,1,0,1,0,328
Bengals,6,7,0,7,0,20,Titans,7,10,0,7,0,24,201710,1,4,4,4,44,4,2017,10,0,0,0,1,0,243
Browns,10,0,14,0,0,24,Lions,3,14,7,14,0,38,201710,-7,7,0,14,62,14,2017,10,0,1,0,0,0,90
Packers,3,7,3,10,0,23,Bears,3,3,0,10,0,16,201710,0,4,7,7,39,-7,2017,10,0,0,1,1,1,185
Saints,7,10,20,10,0,47,Bills,3,0,0,7,0,10,201710,4,14,34,37,57,-37,2017,10,0,0,0,0,0,1086
Jets,0,3,0,7,0,10,Buccaneers,3,0,6,6,0,15,201710,3,0,6,5,25,5,2017,10,0,0,0,0,0,1004
Cardinals,0,14,7,0,0,21,Texans,0,10,7,14,0,31,201711,0,-4,-4,10,52,10,2017,11,0,0,0,0,0,1014
Eagles,7,0,16,14,0,37,Cowboys,6,3,0,0,0,9,201711,1,-2,14,28,46,-28,2017,11,0,1,0,1,1,1297
Patriots,7,10,13,3,0,33,Raiders,0,0,0,8,0,8,201711,7,17,30,25,41,-25,2017,11,0,0,1,1,0,2690
Bengals,6,7,0,7,0,20,Broncos,7,0,3,7,0,17,201711,-1,6,3,3,37,-3,2017,11,0,0,0,1,0,1093
Bills,7,0,3,14,0,24,Chargers,10,27,10,7,0,54,201711,3,30,37,30,78,30,2017,11,0,0,0,1,0,2193
Chiefs,0,3,0,6,0,9,Giants,0,6,0,3,3,12,201711,0,3,3,3,21,3,2017,11,0,1,0,0,0,1093
Falcons,14,10,7,3,0,34,Seahawks,7,10,6,8,0,31,201711,7,7,8,3,65,-3,2017,11,0,0,0,1,0,2178
Rams,7,0,0,0,0,7,Vikings,0,7,0,17,0,24,201711,-7,0,0,17,31,17,2017,11,0,0,0,1,0,1521
Washington,10,7,7,7,0,31,Saints,10,3,0,18,3,34,201711,0,-4,-11,3,65,3,2017,11,0,0,0,1,0,964
Titans,7,0,10,0,0,17,Steelers,10,6,7,17,0,40,201711,3,9,6,23,57,23,2017,11,0,0,0,1,0,471
Lions,0,21,0,6,0,27,Bears,10,7,0,7,0,24,201711,-10,4,4,3,51,-3,2017,11,0,0,0,1,1,238
Buccaneers,3,17,0,10,0,30,Dolphins,7,0,6,7,0,20,201711,-4,13,7,10,50,-10,2017,11,0,0,0,0,0,205
Ravens,0,6,7,10,0,23,Packers,0,0,0,0,0,0,201711,0,6,13,23,23,-23,2017,11,0,1,0,0,0,687
Jaguars,7,3,0,9,0,19,Browns,0,7,0,0,0,7,201711,7,3,3,12,26,-12,2017,11,0,0,0,1,0,771
Vikings,13,7,7,3,0,30,Lions,0,10,6,7,0,23,201712,13,10,11,7,53,-7,2017,12,0,0,0,1,1,542
Texans,7,3,3,3,0,16,Ravens,0,17,0,6,0,23,201712,-7,7,4,7,39,7,2017,12,0,0,0,1,0,1250
Packers,14,0,7,7,0,28,Steelers,6,8,7,10,0,31,201712,-8,0,0,3,59,3,2017,12,0,0,0,0,0,496
Jaguars,0,3,7,14,0,24,Cardinals,3,10,3,11,0,27,201712,3,10,6,3,51,3,2017,12,0,0,0,0,0,1791
Saints,7,3,0,10,0,20,Rams,10,7,3,6,0,26,201712,3,7,10,6,46,6,2017,12,0,0,0,1,0,1669
Seahawks,0,7,7,10,0,24,49ers,0,3,3,7,0,13,201712,0,4,8,11,37,-11,2017,12,0,0,1,1,1,679
Bears,0,0,3,0,0,3,Eagles,7,17,0,7,0,31,201712,7,24,21,28,34,28,2017,12,0,0,0,1,0,664
Panthers,3,9,6,17,0,35,Jets,3,7,7,10,0,27,201712,0,2,1,8,62,-8,2017,12,0,1,1,0,0,531
Broncos,0,0,0,14,0,14,Raiders,0,14,7,0,0,21,201712,0,14,21,7,35,7,2017,12,0,0,0,1,1,939
Bills,7,6,3,0,0,16,Chiefs,0,3,7,0,0,10,201712,7,10,6,6,26,-6,2017,12,0,0,0,1,0,858
Titans,6,0,7,7,0,20,Colts,0,13,3,0,0,16,201712,6,-7,-3,4,36,-4,2017,12,0,0,1,1,1,251
Browns,3,3,3,7,0,16,Bengals,7,9,7,7,0,30,201712,4,10,14,14,46,14,2017,12,0,0,0,1,1,217
Buccaneers,3,3,7,7,0,20,Falcons,3,17,7,7,0,34,201712,0,14,14,14,54,14,2017,12,0,0,0,1,1,416
Giants,0,3,7,0,0,10,Washington,0,3,7,10,0,20,201712,0,0,0,10,30,10,2017,12,0,0,0,1,1,204
Chargers,0,3,13,12,0,28,Cowboys,0,0,0,6,0,6,201712,0,3,16,22,34,-22,2017,12,0,0,0,0,0,1237
Dolphins,0,10,0,7,0,17,Patriots,14,7,7,7,0,35,201712,14,11,18,18,52,18,2017,12,0,0,0,1,1,1241
Lions,0,0,13,7,0,20,Ravens,3,17,0,24,0,44,201713,3,20,7,24,64,24,2017,13,0,0,0,0,0,396
Steelers,0,3,7,13,0,23,Bengals,10,7,3,0,0,20,201713,-10,-14,-10,3,43,-3,2017,13,0,0,0,1,1,252
Eagles,0,3,0,7,0,10,Seahawks,10,0,7,7,0,24,201713,10,7,14,14,34,14,2017,13,0,0,0,1,0,2373
Rams,16,3,7,6,0,32,Cardinals,0,13,0,3,0,16,201713,16,6,13,16,48,-16,2017,13,0,0,0,1,1,356
Panthers,7,7,0,7,0,21,Saints,7,14,7,3,0,31,201713,0,7,14,10,52,10,2017,13,0,0,0,1,1,648
Giants,7,0,0,10,0,17,Raiders,7,3,0,14,0,24,201713,0,3,3,7,41,7,2017,13,0,0,0,0,0,2557
Browns,0,7,0,3,0,10,Chargers,0,9,10,0,0,19,201713,0,2,12,9,29,9,2017,13,0,0,0,1,0,2044
Colts,0,3,7,0,0,10,Jaguars,7,9,11,3,0,30,201713,7,13,17,20,40,20,2017,13,0,0,0,1,1,699
49ers,3,6,3,3,0,15,Bears,7,7,0,0,0,14,201713,-4,-5,-2,1,29,-1,2017,13,0,0,0,1,0,1853
Broncos,0,3,6,0,0,9,Dolphins,2,14,10,9,0,35,201713,2,13,17,26,44,26,2017,13,0,0,0,1,0,1724
Texans,3,7,0,3,0,13,Titans,0,10,7,7,0,24,201713,-3,0,7,11,37,11,2017,13,0,0,0,1,1,665
Buccaneers,7,3,0,10,0,20,Packers,3,14,0,3,6,26,201713,-4,7,7,6,46,6,2017,13,0,0,0,1,0,1185
Patriots,3,6,14,0,0,23,Bills,0,3,0,0,0,3,201713,3,6,20,20,26,-20,2017,13,0,0,0,1,1,404
Vikings,0,7,0,7,0,14,Falcons,3,3,3,0,0,9,201713,-3,1,-2,5,23,-5,2017,13,0,0,0,1,0,908
Washington,0,7,0,7,0,14,Cowboys,0,17,0,21,0,38,201713,0,10,10,24,52,24,2017,13,0,0,0,1,1,1181
Chiefs,14,3,7,7,0,31,Jets,14,7,6,11,0,38,201713,0,4,3,7,69,7,2017,13,0,0,0,1,0,1093
49ers,0,13,10,3,0,26,Texans,3,6,7,0,0,16,201714,-3,4,7,10,42,-10,2017,14,0,0,0,0,0,1642
Patriots,0,10,0,10,0,20,Dolphins,6,7,14,0,0,27,201714,6,3,17,7,47,7,2017,14,0,0,0,1,1,1241
Ravens,0,14,17,7,0,38,Steelers,7,13,0,19,0,39,201714,7,6,-11,1,77,1,2017,14,0,0,0,1,1,196
Seahawks,0,0,10,14,0,24,Jaguars,3,0,21,6,0,30,201714,3,3,14,6,54,6,2017,14,0,0,0,0,0,2451
Eagles,14,10,7,12,0,43,Rams,7,7,14,7,0,35,201714,7,10,3,8,78,-8,2017,14,0,0,0,1,0,2388
Jets,0,0,0,0,0,0,Broncos,10,3,7,3,0,23,201714,10,13,20,23,23,23,2017,14,0,0,0,1,0,1627
Vikings,7,6,0,11,0,24,Panthers,7,7,10,7,0,31,201714,0,1,11,7,55,7,2017,14,0,0,0,1,0,938
Washington,0,6,0,7,0,13,Chargers,13,10,7,0,0,30,201714,13,17,24,17,43,17,2017,14,0,0,0,0,0,2294
Cowboys,3,7,0,20,0,30,Giants,0,10,0,0,0,10,201714,3,0,0,20,40,-20,2017,14,0,0,0,1,1,1370
Lions,7,7,7,3,0,24,Buccaneers,7,0,0,14,0,21,201714,0,7,14,3,45,-3,2017,14,0,0,0,1,0,994
Saints,3,7,7,0,0,17,Falcons,3,7,0,10,0,20,201714,0,0,-7,3,37,3,2017,14,0,0,0,1,1,424
Colts,0,0,0,7,0,7,Bills,0,7,0,0,6,13,201714,0,7,7,6,20,6,2017,14,0,0,0,1,0,434
Bears,6,6,7,14,0,33,Bengals,7,0,0,0,0,7,201714,-1,5,12,26,40,-26,2017,14,0,0,0,0,0,250
Titans,0,7,0,0,0,7,Cardinals,0,0,6,6,0,12,201714,0,-7,-1,5,19,5,2017,14,0,0,0,0,0,1442
Packers,7,0,0,14,6,27,Browns,7,7,7,0,0,21,201714,0,-7,-14,6,48,-6,2017,14,0,0,0,0,0,381
Raiders,0,0,0,15,0,15,Chiefs,3,13,10,0,0,26,201714,3,16,26,11,41,11,2017,14,0,0,0,1,1,1495
Falcons,7,10,0,7,0,24,Buccaneers,7,0,7,7,0,21,201715,0,10,3,3,45,-3,2017,15,0,0,0,1,1,416
Cowboys,3,7,7,3,0,20,Raiders,0,0,10,7,0,17,201715,3,10,7,3,37,-3,2017,15,0,0,0,0,0,1472
Titans,0,10,3,10,0,23,49ers,6,10,0,9,0,25,201715,6,6,3,2,48,2,2017,15,0,0,0,0,0,1958
Patriots,7,3,6,11,0,27,Steelers,7,10,7,0,0,24,201715,0,-7,-8,3,51,-3,2017,15,0,0,0,1,0,479
Rams,13,21,6,2,0,42,Seahawks,0,0,7,0,0,7,201715,13,34,33,35,49,-35,2017,15,0,0,0,1,1,960
Packers,7,7,3,7,0,24,Panthers,7,3,14,7,0,31,201715,0,-4,7,7,55,7,2017,15,0,0,0,1,0,745
Cardinals,3,6,3,3,0,15,Washington,7,7,3,3,0,20,201715,4,5,5,5,35,5,2017,15,0,0,0,1,0,1977
Texans,0,0,7,0,0,7,Jaguars,7,24,7,7,0,45,201715,7,31,31,38,52,38,2017,15,0,0,0,1,1,820
Jets,0,10,3,6,0,19,Saints,10,7,0,14,0,31,201715,10,7,4,12,50,12,2017,15,0,0,0,0,0,1168
Bengals,0,0,0,7,0,7,Vikings,17,7,3,7,0,34,201715,17,24,27,27,41,27,2017,15,0,0,0,0,0,604
Ravens,3,14,10,0,0,27,Browns,0,10,0,0,0,10,201715,3,7,17,17,37,-17,2017,15,0,0,0,1,1,307
Dolphins,3,3,0,10,0,16,Bills,7,14,3,0,0,24,201715,4,15,18,8,40,8,2017,15,0,0,0,1,1,1184
Chargers,0,6,7,0,0,13,Chiefs,3,7,10,10,0,30,201715,3,4,7,17,43,17,2017,15,0,0,0,1,1,1354
Bears,0,3,0,7,0,10,Lions,3,10,7,0,0,20,201715,3,10,17,10,30,10,2017,15,0,0,0,1,1,238
Broncos,0,7,15,3,0,25,Colts,7,3,3,0,0,13,201715,-7,-3,9,12,38,-12,2017,15,0,0,0,1,0,998
Eagles,7,14,10,3,0,34,Giants,13,10,6,0,0,29,201715,-6,-2,2,5,63,-5,2017,15,0,0,0,1,1,80
Broncos,3,0,0,8,0,11,Washington,0,10,3,14,0,27,201716,-3,7,10,16,38,16,2017,16,0,0,0,0,0,1489
Steelers,10,10,7,7,0,34,Texans,0,0,0,6,0,6,201716,10,20,27,28,40,-28,2017,16,0,0,0,1,0,1136
Giants,0,0,0,0,0,0,Cardinals,3,7,6,7,0,23,201716,3,10,16,23,23,23,2017,16,0,0,0,1,0,2139
Raiders,0,7,3,0,0,10,Eagles,7,0,3,9,0,19,201716,7,0,0,9,29,9,2017,16,0,0,0,0,0,2508
Seahawks,0,7,7,7,0,21,Cowboys,0,9,3,0,0,12,201716,0,-2,2,9,33,-9,2017,16,0,0,0,1,0,1679
Jaguars,0,16,3,14,0,33,49ers,10,6,7,21,0,44,201716,10,0,4,11,77,11,2017,16,0,0,0,0,0,2370
Buccaneers,3,6,7,3,0,19,Panthers,3,9,3,7,0,22,201716,0,3,-1,3,41,3,2017,16,0,0,0,1,1,511
Chargers,0,7,7,0,0,14,Jets,0,0,7,0,0,7,201716,0,7,7,7,21,-7,2017,16,0,0,0,1,0,2445
Browns,0,3,0,0,0,3,Bears,6,0,14,0,0,20,201716,6,3,17,17,23,17,2017,16,0,0,0,0,0,308
Bills,3,10,3,0,0,16,Patriots,0,13,10,14,0,37,201716,-3,0,7,21,53,21,2017,16,0,0,0,1,1,404
Dolphins,3,10,0,0,0,13,Chiefs,3,17,3,6,0,29,201716,0,7,10,16,42,16,2017,16,0,0,0,1,0,1242
Rams,6,7,7,7,0,27,Titans,3,10,7,3,0,23,201716,3,0,0,4,50,-4,2017,16,0,0,0,0,0,1776
Lions,7,0,3,7,0,17,Bengals,0,6,7,13,0,26,201716,-7,-1,3,9,43,9,2017,16,0,0,0,0,0,231
Vikings,10,0,3,3,0,16,Packers,0,0,0,0,0,0,201716,10,10,13,16,16,-16,2017,16,0,0,0,1,1,259
Colts,0,7,6,3,0,16,Ravens,3,10,3,7,0,23,201716,3,6,3,7,39,7,2017,16,0,0,0,1,0,509
Falcons,0,0,3,10,0,13,Saints,3,10,7,3,0,23,201716,3,13,17,10,36,10,2017,16,0,0,0,1,1,424
Chiefs,7,7,10,3,0,27,Broncos,3,7,0,14,0,24,201717,4,4,14,3,51,-3,2017,17,0,0,0,1,1,556
Saints,14,0,3,7,0,24,Buccaneers,7,6,0,18,0,31,201717,-7,-1,-4,7,55,7,2017,17,0,0,0,1,1,480
Cardinals,10,10,3,3,0,26,Seahawks,7,0,7,10,0,24,201717,3,13,9,2,50,-2,2017,17,0,0,0,1,1,1114
Raiders,0,10,0,0,0,10,Chargers,0,20,10,0,0,30,201717,0,10,20,20,40,20,2017,17,0,0,0,1,1,343
Bills,7,3,9,3,0,22,Dolphins,0,0,3,13,0,16,201717,7,10,16,6,38,-6,2017,17,0,0,0,1,1,1184
49ers,10,10,7,7,0,34,Rams,3,3,0,7,0,13,201717,7,14,21,21,47,-21,2017,17,0,0,0,1,1,347
Jaguars,0,3,0,7,0,10,Titans,0,12,3,0,0,15,201717,0,9,12,5,25,5,2017,17,0,0,0,1,1,500
Bengals,7,10,7,7,0,31,Ravens,0,10,7,10,0,27,201717,7,7,7,4,58,-4,2017,17,0,0,0,1,1,419
Panthers,0,7,0,3,0,10,Falcons,7,0,6,9,0,22,201717,7,0,6,12,32,12,2017,17,0,0,0,1,1,226
Cowboys,0,0,0,6,0,6,Eagles,0,0,0,0,0,0,201717,0,0,0,6,6,-6,2017,17,0,0,0,1,1,1297
Browns,0,14,10,0,0,24,Steelers,7,14,7,0,0,28,201717,7,7,4,4,52,4,2017,17,0,0,0,1,1,114
Packers,3,0,0,8,0,11,Lions,3,17,7,8,0,35,201717,0,17,24,24,46,24,2017,17,0,0,0,1,1,291
Texans,3,10,0,0,0,13,Colts,0,7,7,8,0,22,201717,-3,-6,1,9,35,9,2017,17,0,0,0,1,1,865
Washington,7,3,0,0,0,10,Giants,15,0,0,3,0,18,201717,8,5,5,8,28,8,2017,17,0,0,0,1,1,204
Jets,3,0,0,3,0,6,Patriots,7,14,3,2,0,26,201717,4,18,21,20,32,20,2017,17,0,0,0,1,1,181
Bears,0,7,0,3,0,10,Vikings,7,9,7,0,0,23,201717,7,9,16,13,33,13,2017,17,0,0,0,1,1,355
Titans,0,3,7,12,0,22,Chiefs,14,7,0,0,0,21,201718,-14,-18,-11,1,43,-1,2017,18,1,0,0,1,0,471
Falcons,6,7,6,7,0,26,Rams,0,10,0,3,0,13,201718,6,3,9,13,39,-13,2017,18,1,0,0,1,0,1932
Bills,0,3,0,0,0,3,Jaguars,0,3,7,0,0,10,201718,0,0,7,7,13,7,2017,18,1,0,0,1,0,880
Panthers,0,9,3,14,0,26,Saints,7,14,3,7,0,31,201718,7,12,12,5,57,5,2017,18,1,0,0,1,1,648
Falcons,3,7,0,0,0,10,Eagles,0,9,3,3,0,15,201719,-3,-1,2,5,25,5,2017,19,1,0,1,1,0,665
Titans,7,0,0,7,0,14,Patriots,0,21,7,7,0,35,201719,-7,14,21,21,49,21,2017,19,1,0,1,1,0,936
Jaguars,14,14,0,17,0,45,Steelers,0,14,7,21,0,42,201719,14,14,7,3,87,-3,2017,19,1,0,1,1,0,704
Saints,0,0,7,17,0,24,Vikings,10,7,0,12,0,29,201719,10,17,10,5,53,5,2017,19,1,0,1,1,0,1052
Vikings,7,0,0,0,0,7,Eagles,7,17,7,7,0,38,201720,0,17,24,31,45,31,2017,20,1,0,0,1,0,983
Jaguars,0,14,3,3,0,20,Patriots,3,7,0,14,0,24,201720,3,-4,-7,4,44,4,2017,20,1,0,0,1,0,1003
Eagles,9,13,7,12,0,41,Patriots,3,9,14,7,0,33,201722,6,10,3,8,74,-8,2017,22,1,1,1,0,0,261
Rams,7,3,10,13,0,33,Raiders,7,6,0,0,0,13,201801,0,-3,7,20,46,-20,2018,1,0,0,0,0,0,343
Jets,7,10,31,0,0,48,Lions,7,3,7,0,0,17,201801,0,7,31,31,65,-31,2018,1,0,0,0,0,0,480
Bears,7,10,3,3,0,23,Packers,0,0,3,21,0,24,201801,-7,-17,-17,1,47,1,2018,1,0,0,0,1,1,185
Cowboys,0,0,0,8,0,8,Panthers,0,10,0,6,0,16,201801,0,10,10,8,24,8,2018,1,0,0,0,1,0,928
Washington,0,21,0,3,0,24,Cardinals,0,0,0,6,0,6,201801,0,21,21,18,30,-18,2018,1,0,0,0,1,0,1977
Seahawks,7,3,7,7,0,24,Broncos,7,10,3,7,0,27,201801,0,7,3,3,51,3,2018,1,0,0,0,0,0,1019
Chiefs,14,3,14,7,0,38,Chargers,6,6,0,16,0,28,201801,8,5,19,10,66,-10,2018,1,0,0,0,1,1,1354
Bills,0,0,3,0,0,3,Ravens,14,12,14,7,0,47,201801,14,26,37,44,50,44,2018,1,0,0,0,1,0,275
49ers,0,3,10,3,0,16,Vikings,3,7,14,0,0,24,201801,3,7,11,8,40,8,2018,1,0,0,0,1,0,1581
Buccaneers,14,17,10,7,0,48,Saints,10,14,0,16,0,40,201801,4,7,17,8,88,-8,2018,1,0,0,0,1,1,480
Texans,3,3,7,7,0,20,Patriots,7,14,3,3,0,27,201801,4,15,11,7,47,7,2018,1,0,0,0,1,0,1597
Titans,3,0,0,17,0,20,Dolphins,0,7,3,17,0,27,201801,-3,4,7,7,47,7,2018,1,0,0,0,1,0,816
Bengals,3,7,7,17,0,34,Colts,3,13,7,0,0,23,201801,0,-6,-6,11,57,-11,2018,1,0,0,0,1,0,99
Steelers,0,7,14,0,0,21,Browns,0,0,7,14,0,21,201801,0,7,14,0,42,0,2018,1,0,0,0,1,1,114
Falcons,3,3,0,6,0,12,Eagles,0,3,7,8,0,18,201801,-3,-3,4,6,30,6,2018,1,0,0,0,1,0,665
Jaguars,3,10,0,7,0,20,Giants,3,3,3,6,0,15,201801,0,7,4,5,35,-5,2018,1,0,0,0,0,0,835
Eagles,0,7,7,7,0,21,Buccaneers,7,13,7,0,0,27,201802,7,13,13,6,48,6,2018,2,0,0,0,1,0,928
Giants,0,0,3,10,0,13,Cowboys,10,0,3,7,0,20,201802,10,10,10,7,33,7,2018,2,0,0,0,1,1,1370
Patriots,0,3,7,10,0,20,Jaguars,14,7,3,7,0,31,201802,14,18,14,11,51,11,2018,2,0,0,0,1,0,1003
Seahawks,0,3,0,14,0,17,Bears,7,3,0,14,0,24,201802,7,7,7,7,41,7,2018,2,0,0,0,1,0,1732
Lions,7,3,3,14,0,27,49ers,3,10,14,3,0,30,201802,-4,3,14,3,57,3,2018,2,0,0,0,1,0,2087
Cardinals,0,0,0,0,0,0,Rams,0,19,8,7,0,34,201802,0,19,27,34,34,34,2018,2,0,0,0,1,1,356
Chiefs,21,0,14,7,0,42,Steelers,0,21,7,9,0,37,201802,21,0,7,5,79,-5,2018,2,0,0,0,1,0,779
Raiders,3,9,7,0,0,19,Broncos,0,0,10,10,0,20,201802,-3,-12,-9,1,39,1,2018,2,0,0,0,1,1,939
Browns,3,3,6,6,0,18,Saints,3,0,0,18,0,21,201802,0,-3,-9,3,39,3,2018,2,0,0,0,0,0,924
Dolphins,7,13,0,0,0,20,Jets,0,0,6,6,0,12,201802,7,20,14,8,32,-8,2018,2,0,0,0,1,1,1091
Ravens,0,14,3,6,0,23,Bengals,14,14,0,6,0,34,201802,14,14,11,11,57,11,2018,2,0,0,0,1,1,419
Panthers,3,7,0,14,0,24,Falcons,3,14,7,7,0,31,201802,0,7,14,7,55,7,2018,2,0,0,0,1,1,226
Colts,7,7,0,7,0,21,Washington,0,3,3,3,0,9,201802,7,11,8,12,30,-12,2018,2,0,0,0,0,0,490
Vikings,7,0,0,22,0,29,Packers,7,10,3,9,0,29,201802,0,-10,-13,0,58,0,2018,2,0,0,0,1,1,259
Texans,0,7,3,7,0,17,Titans,14,0,0,6,0,20,201802,14,7,4,3,37,3,2018,2,0,0,0,1,1,665
Chargers,14,14,0,3,0,31,Bills,0,6,7,7,0,20,201802,14,22,15,11,51,-11,2018,2,0,0,0,1,0,2193
Steelers,6,24,0,0,0,30,Buccaneers,7,3,3,14,0,27,201803,-1,20,17,3,57,-3,2018,3,0,0,0,0,0,874
Cowboys,0,3,3,7,0,13,Seahawks,0,17,0,7,0,24,201803,0,14,11,11,37,11,2018,3,0,0,0,1,0,1679
Bears,0,3,10,3,0,16,Cardinals,14,0,0,0,0,14,201803,-14,-11,-1,2,30,-2,2018,3,0,0,0,1,0,1450
Chargers,6,7,7,3,0,23,Rams,14,7,14,0,0,35,201803,8,8,15,12,58,12,2018,3,0,0,0,0,0,0
Giants,7,13,0,7,0,27,Texans,3,3,3,13,0,22,201803,4,14,11,5,49,-5,2018,3,0,0,0,0,0,1417
Broncos,14,0,0,0,0,14,Ravens,10,10,7,0,0,27,201803,-4,6,13,13,41,13,2018,3,0,0,0,1,0,1506
Titans,3,0,3,3,0,9,Jaguars,0,3,0,3,0,6,201803,3,0,3,3,15,-3,2018,3,0,0,0,1,1,500
Patriots,0,3,7,0,0,10,Lions,3,10,7,6,0,26,201803,3,10,10,16,36,16,2018,3,0,0,0,0,0,615
Packers,0,10,7,0,0,17,Washington,14,14,0,3,0,31,201803,14,18,11,14,48,14,2018,3,0,0,0,1,0,686
Colts,7,0,6,3,0,16,Eagles,7,3,3,7,0,20,201803,0,3,0,4,36,4,2018,3,0,0,0,0,0,582
Bills,17,10,0,0,0,27,Vikings,0,0,0,6,0,6,201803,17,27,27,21,33,-21,2018,3,0,0,0,0,0,729
Raiders,7,3,7,3,0,20,Dolphins,0,7,7,14,0,28,201803,-7,-3,-3,8,48,8,2018,3,0,0,0,1,0,2582
49ers,0,10,14,3,0,27,Chiefs,14,21,0,3,0,38,201803,14,25,11,11,65,11,2018,3,0,0,0,0,0,1503
Saints,7,9,7,14,6,43,Falcons,7,7,7,16,0,37,201803,0,2,2,6,80,-6,2018,3,0,0,0,1,1,424
Jets,0,14,0,3,0,17,Browns,0,3,11,7,0,21,201803,0,-11,0,4,38,4,2018,3,0,0,0,1,0,403
Bengals,7,7,7,0,0,21,Panthers,7,14,7,3,0,31,201803,0,7,7,10,52,10,2018,3,0,0,0,0,0,336
Chiefs,3,7,3,14,0,27,Broncos,3,10,7,3,0,23,201804,0,-3,-7,4,50,-4,2018,4,0,0,0,1,1,556
Ravens,14,0,3,9,0,26,Steelers,0,14,0,0,0,14,201804,14,0,3,12,40,-12,2018,4,0,0,0,1,1,196
49ers,14,3,7,3,0,27,Chargers,6,11,9,3,0,29,201804,-8,0,2,2,56,2,2018,4,0,0,0,0,0,347
Saints,0,12,7,14,0,33,Giants,7,0,3,8,0,18,201804,-7,5,9,15,51,-15,2018,4,0,0,0,1,0,1168
Seahawks,7,0,10,3,0,20,Cardinals,0,10,0,7,0,17,201804,7,-3,7,3,37,-3,2018,4,0,0,0,1,1,1114
Browns,3,14,11,14,0,42,Raiders,7,7,7,21,3,45,201804,4,-3,-7,3,87,3,2018,4,0,0,0,1,0,2153
Jets,0,0,3,9,0,12,Jaguars,3,13,9,6,0,31,201804,3,16,22,19,43,19,2018,4,0,0,0,1,0,835
Texans,14,7,7,3,6,37,Colts,7,3,7,14,3,34,201804,7,11,11,3,71,-3,2018,4,0,0,0,1,1,865
Eagles,0,10,7,3,3,23,Titans,3,0,7,10,6,26,201804,3,-7,-7,3,49,3,2018,4,0,0,0,0,0,683
Bills,0,0,0,0,0,0,Packers,6,10,3,3,0,22,201804,6,16,19,22,22,22,2018,4,0,0,0,0,0,470
Lions,7,3,0,14,0,24,Cowboys,3,10,7,6,0,26,201804,-4,3,10,2,50,2,2018,4,0,0,0,1,0,999
Buccaneers,0,3,0,7,0,10,Bears,14,24,7,3,0,48,201804,14,35,42,38,58,38,2018,4,0,0,0,1,0,1004
Vikings,7,13,8,3,0,31,Rams,7,21,10,0,0,38,201804,0,8,10,7,69,7,2018,4,0,0,0,1,0,1521
Dolphins,0,0,0,7,0,7,Patriots,3,21,7,7,0,38,201804,3,24,31,31,45,31,2018,4,0,0,0,1,1,1241
Bengals,14,14,0,9,0,37,Falcons,7,17,3,9,0,36,201804,7,4,1,1,73,-1,2018,4,0,0,0,0,0,374
Washington,3,10,0,6,0,19,Saints,6,20,14,3,0,43,201805,3,13,27,24,62,24,2018,5,0,1,0,1,0,964
Giants,3,10,3,15,0,31,Panthers,7,13,0,13,0,33,201805,4,7,4,2,64,2,2018,5,0,0,1,1,0,531
Cowboys,6,0,7,3,0,16,Texans,0,10,3,3,3,19,201805,-6,4,0,3,35,3,2018,5,0,0,0,0,0,225
Rams,7,10,7,9,0,33,Seahawks,7,10,14,0,0,31,201805,0,0,-7,2,64,-2,2018,5,0,0,0,1,1,960
Cardinals,7,7,0,14,0,28,49ers,6,0,0,12,0,18,201805,1,8,8,10,46,-10,2018,5,0,0,0,1,1,652
Vikings,3,14,3,3,0,23,Eagles,0,3,3,15,0,21,201805,3,14,14,2,44,-2,2018,5,0,0,0,1,0,983
Raiders,0,3,0,7,0,10,Chargers,3,14,3,6,0,26,201805,3,14,17,16,36,16,2018,5,0,0,0,1,1,343
Falcons,0,10,0,7,0,17,Steelers,13,0,14,14,0,41,201805,13,3,17,24,58,24,2018,5,0,0,0,0,0,521
Jaguars,0,0,7,7,0,14,Chiefs,7,13,3,7,0,30,201805,7,20,16,16,44,16,2018,5,0,0,0,1,0,949
Colts,0,3,7,14,0,24,Patriots,7,17,0,14,0,38,201805,7,21,14,14,62,14,2018,5,0,0,0,1,0,805
Titans,3,3,0,6,0,12,Bills,7,0,3,3,0,13,201805,4,1,4,1,25,1,2018,5,0,0,0,1,0,626
Broncos,7,3,0,6,0,16,Jets,0,21,3,10,0,34,201805,-7,11,14,18,50,18,2018,5,0,0,0,1,0,1627
Ravens,3,0,3,3,0,9,Browns,0,6,3,0,3,12,201805,-3,3,3,3,21,3,2018,5,0,0,0,1,1,307
Packers,0,0,14,9,0,23,Lions,14,10,0,7,0,31,201805,14,24,10,8,54,8,2018,5,0,0,0,1,1,291
Dolphins,0,14,3,0,0,17,Bengals,0,0,3,24,0,27,201805,0,-14,-14,10,44,10,2018,5,0,0,0,1,0,957
49ers,14,10,3,3,0,30,Packers,17,3,3,10,0,33,201806,3,-4,-4,3,63,3,2018,6,0,0,0,1,0,1834
Chiefs,6,3,17,14,0,40,Patriots,10,14,3,16,0,43,201806,4,15,1,3,83,3,2018,6,0,0,0,1,0,1249
Ravens,7,7,7,0,0,21,Titans,0,0,0,0,0,0,201806,7,14,21,21,21,-21,2018,6,0,0,0,1,0,595
Jaguars,0,0,7,0,0,7,Cowboys,10,14,6,10,0,40,201806,10,24,23,33,47,33,2018,6,0,0,0,0,0,906
Rams,6,7,7,3,0,23,Broncos,3,0,7,10,0,20,201806,3,10,10,3,43,-3,2018,6,0,0,0,0,0,830
Panthers,0,6,3,8,0,17,Washington,14,3,0,6,0,23,201806,14,11,8,6,40,6,2018,6,0,0,0,1,0,329
Colts,7,6,7,14,0,34,Jets,10,13,10,9,0,42,201806,3,10,13,8,76,8,2018,6,0,0,0,1,0,643
Bills,0,0,6,7,0,13,Texans,7,3,0,10,0,20,201806,7,10,4,7,33,7,2018,6,0,0,0,1,0,1285
Bears,0,0,21,7,0,28,Dolphins,7,0,6,15,3,31,201806,7,7,-8,3,59,3,2018,6,0,1,0,0,0,1189
Seahawks,7,10,3,7,0,27,Raiders,0,0,0,3,0,3,201806,7,17,20,24,30,-24,2018,6,0,0,0,0,0,677
Chargers,7,14,14,3,0,38,Browns,0,6,0,8,0,14,201806,7,15,29,24,52,-24,2018,6,0,0,0,1,0,2044
Steelers,0,14,3,11,0,28,Bengals,7,7,0,7,0,21,201806,-7,0,3,7,49,-7,2018,6,0,0,0,1,1,252
Buccaneers,6,7,3,13,0,29,Falcons,7,17,0,10,0,34,201806,1,11,8,5,63,5,2018,6,0,1,0,1,1,416
Eagles,14,10,7,3,0,34,Giants,3,3,7,0,0,13,201806,11,18,18,21,47,-21,2018,6,0,0,0,1,1,80
Cardinals,3,7,0,7,0,17,Vikings,10,3,14,0,0,27,201806,7,3,17,10,44,10,2018,6,0,0,0,1,0,1278
Texans,6,7,7,0,0,20,Jaguars,0,0,7,0,0,7,201807,6,13,13,13,27,-13,2018,7,0,0,0,1,1,820
Giants,0,3,3,14,0,20,Falcons,0,10,0,13,0,23,201807,0,7,4,3,43,3,2018,7,0,0,0,1,0,745
Bengals,0,7,3,0,0,10,Chiefs,7,17,14,7,0,45,201807,7,17,28,35,55,35,2018,7,0,0,0,1,0,542
Cowboys,0,7,0,10,0,17,Washington,7,0,3,10,0,20,201807,7,0,3,3,37,3,2018,7,0,0,0,1,1,1181
Rams,3,19,10,7,0,39,49ers,0,7,3,0,0,10,201807,3,15,22,29,49,-29,2018,7,0,0,0,1,1,347
Saints,0,7,0,17,0,24,Ravens,0,10,7,6,0,23,201807,0,-3,-10,1,47,-1,2018,7,0,1,0,0,0,999
Browns,2,0,7,14,0,23,Buccaneers,3,13,7,0,3,26,201807,1,14,14,3,49,3,2018,7,0,0,0,0,0,937
Broncos,21,14,7,3,0,45,Cardinals,3,0,7,0,0,10,201807,18,32,32,35,55,-35,2018,7,0,0,0,0,0,585
Vikings,7,3,10,17,0,37,Jets,7,0,3,7,0,17,201807,0,3,10,20,54,-20,2018,7,0,0,0,0,0,1016
Lions,7,10,9,6,0,32,Dolphins,0,7,7,7,0,21,201807,7,10,12,11,53,-11,2018,7,0,1,0,0,0,1155
Bills,0,0,5,0,0,5,Colts,0,24,0,13,0,37,201807,0,24,19,32,42,32,2018,7,0,0,0,1,0,434
Patriots,7,14,10,7,0,38,Bears,10,7,7,7,0,31,201807,-3,4,7,7,69,-7,2018,7,0,0,0,0,0,853
Titans,3,3,7,6,0,19,Chargers,10,0,7,3,0,20,201807,7,4,4,1,39,1,2018,7,0,0,0,1,0,1776
Panthers,0,0,0,21,0,21,Eagles,0,10,7,0,0,17,201807,0,-10,-17,4,38,-4,2018,7,0,0,0,1,0,450
Colts,10,3,8,21,0,42,Raiders,0,14,14,0,0,28,201808,10,-1,-7,14,70,-14,2018,8,0,0,1,1,0,1936
Patriots,3,6,3,13,0,25,Bills,0,3,3,0,0,6,201808,3,6,6,19,31,-19,2018,8,0,0,0,1,1,404
Saints,7,10,10,3,0,30,Vikings,7,6,0,7,0,20,201808,0,4,14,10,50,-10,2018,8,0,0,0,1,0,1052
49ers,2,3,7,3,0,15,Cardinals,0,3,0,15,0,18,201808,-2,-2,-9,3,33,3,2018,8,0,0,0,1,1,652
Packers,7,3,10,7,0,27,Rams,0,8,15,6,0,29,201808,-7,-2,3,2,56,2,2018,8,0,1,0,1,0,1757
Ravens,7,0,7,7,0,21,Panthers,7,17,3,9,0,36,201808,0,17,13,15,57,15,2018,8,0,0,0,0,0,364
Browns,6,0,6,6,0,18,Steelers,0,14,9,10,0,33,201808,-6,8,11,15,51,15,2018,8,0,0,1,1,1,114
Broncos,7,7,0,9,0,23,Chiefs,3,13,14,0,0,30,201808,-4,2,16,7,53,7,2018,8,0,0,0,1,1,556
Seahawks,0,21,0,7,0,28,Lions,7,0,0,7,0,14,201808,-7,14,14,14,42,-14,2018,8,0,1,0,1,0,1933
Buccaneers,0,9,7,18,0,34,Bengals,7,20,7,3,0,37,201808,7,18,18,3,71,3,2018,8,0,0,0,0,0,783
Jets,0,3,0,7,0,10,Bears,7,0,7,10,0,24,201808,7,4,11,14,34,14,2018,8,0,0,0,0,0,711
Eagles,0,10,7,7,0,24,Jaguars,3,3,6,6,0,18,201808,-3,4,5,6,42,-6,2018,8,0,0,0,0,0,758
Dolphins,7,3,10,3,0,23,Texans,7,7,14,14,0,42,201808,0,4,8,19,65,19,2018,8,0,0,0,1,0,966
Washington,7,0,3,10,0,20,Giants,0,3,0,10,0,13,201808,7,4,7,7,33,-7,2018,8,0,0,0,1,1,204
Titans,0,14,7,7,0,28,Cowboys,7,7,0,0,0,14,201809,-7,0,7,14,42,-14,2018,9,0,1,1,0,0,616
Packers,3,7,7,0,0,17,Patriots,7,10,0,14,0,31,201809,4,7,0,14,48,14,2018,9,0,0,0,0,0,869
Chargers,6,13,0,6,0,25,Seahawks,7,3,0,7,0,17,201809,-1,9,9,8,42,-8,2018,9,0,1,0,0,0,960
Texans,7,9,0,3,0,19,Broncos,3,7,7,0,0,17,201809,4,6,-1,2,36,-2,2018,9,0,0,0,1,0,878
Steelers,7,7,6,3,0,23,Ravens,3,3,7,3,0,16,201809,4,8,7,7,39,-7,2018,9,0,0,0,1,1,196
Buccaneers,0,14,7,7,0,28,Panthers,14,21,0,7,0,42,201809,14,21,14,14,70,14,2018,9,0,0,0,1,1,511
Rams,7,10,10,8,0,35,Saints,14,21,0,10,0,45,201809,7,18,8,10,80,10,2018,9,0,0,0,1,0,1669
Lions,0,6,0,3,0,9,Vikings,7,10,0,7,0,24,201809,7,11,11,15,33,15,2018,9,0,0,0,1,1,542
Jets,0,3,0,3,0,6,Dolphins,0,6,0,7,0,13,201809,0,3,3,7,19,7,2018,9,0,0,0,1,1,1091
Chiefs,7,14,13,3,0,37,Browns,3,12,0,6,0,21,201809,4,6,19,16,58,-16,2018,9,0,0,0,1,0,698
Bears,0,28,3,10,0,41,Bills,0,0,3,6,0,9,201809,0,28,28,32,50,-32,2018,9,0,0,0,0,0,453
Raiders,3,0,0,0,0,3,49ers,7,10,14,3,0,34,201809,4,14,28,31,37,31,2018,9,0,0,0,0,0,8
Falcons,7,14,7,10,0,38,Washington,0,7,7,0,0,14,201809,7,14,14,24,52,-24,2018,9,0,1,0,1,0,541
Giants,7,3,10,7,0,27,49ers,3,10,7,3,0,23,201810,4,-3,0,4,50,-4,2018,10,0,1,0,1,0,2565
Cowboys,3,10,0,14,0,27,Eagles,0,3,10,7,0,20,201810,3,10,0,7,47,-7,2018,10,0,0,1,1,1,1297
Seahawks,14,0,7,10,0,31,Rams,7,10,3,16,0,36,201810,-7,3,-1,5,67,5,2018,10,0,0,0,1,1,960
Dolphins,3,6,3,0,0,12,Packers,7,7,14,3,0,31,201810,4,5,16,19,43,19,2018,10,0,0,0,0,0,1366
Chargers,0,10,7,3,0,20,Raiders,3,0,0,3,0,6,201810,-3,7,14,14,26,-14,2018,10,0,0,0,1,1,343
Washington,3,3,0,10,0,16,Buccaneers,0,3,0,0,0,3,201810,3,3,3,13,19,-13,2018,10,0,0,0,1,0,818
Bills,14,17,7,3,0,41,Jets,0,3,7,0,0,10,201810,14,28,28,31,51,-31,2018,10,0,0,0,1,1,292
Patriots,3,7,0,0,0,10,Titans,17,7,3,7,0,34,201810,14,14,17,24,44,24,2018,10,0,0,0,1,0,936
Jaguars,7,9,7,3,0,26,Colts,14,15,0,0,0,29,201810,7,13,6,3,55,3,2018,10,0,1,1,1,1,699
Falcons,0,10,0,6,0,16,Browns,7,7,14,0,0,28,201810,7,4,18,12,44,12,2018,10,0,0,0,0,0,555
Saints,7,28,10,6,0,51,Bengals,7,0,0,7,0,14,201810,0,28,38,37,65,-37,2018,10,0,0,1,0,0,711
Lions,0,7,3,12,0,22,Bears,13,13,8,0,0,34,201810,13,19,24,12,56,12,2018,10,0,0,0,1,1,238
Panthers,7,7,0,7,0,21,Steelers,21,10,14,7,0,52,201810,14,17,31,31,73,31,2018,10,0,0,0,0,0,363
Cardinals,7,0,7,0,0,14,Chiefs,10,10,0,6,0,26,201810,3,13,6,12,40,12,2018,10,0,1,0,0,0,1047
Raiders,7,7,6,3,0,23,Cardinals,14,0,0,7,0,21,201811,-7,0,6,2,44,-2,2018,11,0,0,0,0,0,646
Broncos,0,7,7,9,0,23,Chargers,6,7,6,3,0,22,201811,-6,-6,-5,1,45,-1,2018,11,0,1,0,1,1,830
Bengals,0,7,14,0,0,21,Ravens,7,6,8,3,0,24,201811,7,6,0,3,45,3,2018,11,0,0,1,1,1,419
Vikings,0,0,3,17,0,20,Bears,3,11,0,11,0,25,201811,3,14,11,5,45,5,2018,11,0,1,0,1,1,355
Eagles,0,7,0,0,0,7,Saints,10,14,14,10,0,48,201811,10,17,31,41,55,41,2018,11,0,0,0,1,0,1088
Steelers,0,0,6,14,0,20,Jaguars,0,9,7,0,0,16,201811,0,-9,-10,4,36,-4,2018,11,0,0,0,1,0,704
Chiefs,7,16,7,21,0,51,Rams,13,10,17,14,0,54,201811,6,0,10,3,105,3,2018,11,0,0,0,0,0,1354
Buccaneers,0,7,7,21,0,35,Giants,7,7,10,14,0,38,201811,7,7,10,3,73,3,2018,11,0,0,0,1,0,1004
Packers,14,7,0,3,0,24,Seahawks,3,14,0,10,0,27,201811,-11,-4,-4,3,51,3,2018,11,0,0,0,1,0,1645
Cowboys,3,0,3,16,0,22,Falcons,0,6,3,10,0,19,201811,3,-3,-3,3,41,-3,2018,11,0,0,0,1,0,719
Texans,10,7,3,3,0,23,Washington,0,7,7,7,0,21,201811,10,10,6,2,44,-2,2018,11,0,1,0,0,0,1217
Titans,0,3,0,7,0,10,Colts,7,17,7,7,0,38,201811,7,21,28,28,48,28,2018,11,0,0,0,1,1,251
Panthers,7,0,0,12,0,19,Lions,7,3,3,7,0,20,201811,0,3,6,1,39,1,2018,11,0,0,0,1,0,504
Titans,10,0,7,0,0,17,Texans,7,17,3,7,0,34,201812,-3,14,10,17,51,17,2018,12,0,0,0,1,1,665
Packers,7,7,0,3,0,17,Vikings,7,7,10,0,0,24,201812,0,0,10,7,41,7,2018,12,0,0,0,1,1,259
Dolphins,7,7,3,7,0,24,Colts,7,7,0,13,0,27,201812,0,0,-3,3,51,3,2018,12,0,1,0,1,0,1026
Steelers,0,10,7,0,0,17,Broncos,3,7,7,7,0,24,201812,3,0,0,7,41,7,2018,12,0,0,0,1,0,1317
Raiders,7,3,7,0,0,17,Ravens,3,10,7,14,0,34,201812,-4,3,3,17,51,17,2018,12,0,0,0,1,0,2442
Seahawks,0,10,7,13,0,30,Panthers,3,10,7,7,0,27,201812,-3,-3,-3,3,57,-3,2018,12,0,0,0,1,0,2280
49ers,0,6,3,0,0,9,Buccaneers,7,6,7,7,0,27,201812,7,7,11,18,36,18,2018,12,0,1,0,1,0,2396
Cardinals,10,0,0,0,0,10,Chargers,0,28,14,3,0,45,201812,-10,18,32,35,55,35,2018,12,0,0,0,0,0,356
Patriots,7,3,10,7,0,27,Jets,7,3,3,0,0,13,201812,0,0,7,14,40,-14,2018,12,0,1,1,1,1,181
Browns,14,14,7,0,0,35,Bengals,0,7,7,6,0,20,201812,14,21,21,15,55,-15,2018,12,0,1,0,1,1,217
Jaguars,0,14,0,7,0,21,Bills,14,0,0,10,0,24,201812,14,0,0,3,45,3,2018,12,0,0,1,1,0,880
Falcons,3,0,7,7,0,17,Saints,7,10,7,7,0,31,201812,4,14,14,14,48,14,2018,12,0,0,0,1,1,424
Washington,0,7,6,10,0,23,Cowboys,7,3,14,7,0,31,201812,7,3,11,8,54,8,2018,12,0,0,0,1,1,1181
Bears,0,9,0,14,0,23,Lions,0,7,6,3,0,16,201812,0,2,-4,7,39,-7,2018,12,0,0,0,1,1,238
Giants,9,10,0,3,0,22,Eagles,0,11,3,11,0,25,201812,-9,-8,-5,3,47,3,2018,12,0,0,0,1,1,80
Browns,0,0,7,6,0,13,Texans,10,13,3,3,0,29,201813,10,23,19,16,42,16,2018,13,0,0,0,1,0,1113
Chargers,7,0,8,18,0,33,Steelers,13,10,0,7,0,30,201813,-6,-16,-8,3,63,-3,2018,13,0,0,0,1,0,2132
49ers,0,3,7,6,0,16,Seahawks,6,14,7,16,0,43,201813,6,17,17,27,59,27,2018,13,0,0,0,1,1,679
Washington,0,13,0,0,0,13,Eagles,7,7,0,14,0,28,201813,7,1,1,15,41,15,2018,13,0,0,0,1,1,123
Vikings,0,7,3,0,0,10,Patriots,7,3,7,7,0,24,201813,7,3,7,14,34,14,2018,13,0,0,0,0,0,1128
Chiefs,10,9,14,7,0,40,Raiders,0,7,9,17,0,33,201813,10,12,17,7,73,-7,2018,13,0,1,0,1,1,1495
Jets,10,6,6,0,0,22,Titans,0,6,7,13,0,26,201813,-10,-10,-9,4,48,4,2018,13,0,0,0,1,0,758
Colts,0,0,0,0,0,0,Jaguars,0,3,0,3,0,6,201813,0,3,3,6,6,6,2018,13,0,0,0,1,1,699
Broncos,0,7,14,3,0,24,Bengals,0,3,7,0,0,10,201813,0,4,11,14,34,-14,2018,13,0,0,0,1,0,1093
Bears,7,7,0,13,0,27,Giants,7,3,14,3,3,30,201813,0,-4,10,3,57,3,2018,13,0,0,0,1,0,711
Bills,0,6,3,8,0,17,Dolphins,7,7,0,7,0,21,201813,7,8,5,4,38,4,2018,13,0,0,0,1,1,1184
Cardinals,0,7,10,3,0,20,Packers,0,10,0,7,0,17,201813,0,-3,7,3,37,-3,2018,13,0,0,0,1,0,1492
Rams,3,10,3,14,0,30,Lions,0,3,10,3,0,16,201813,3,10,3,14,46,-14,2018,13,0,1,0,1,0,1979
Ravens,7,3,6,10,0,26,Falcons,3,7,0,6,0,16,201813,4,0,6,10,42,-10,2018,13,0,0,0,0,0,576
Panthers,7,0,10,0,0,17,Buccaneers,10,7,7,0,0,24,201813,3,10,7,7,41,7,2018,13,0,0,0,1,1,511
Saints,0,0,10,0,0,10,Cowboys,10,3,0,0,0,13,201813,10,13,3,3,23,3,2018,13,0,0,0,1,0,442
Bengals,3,9,0,9,0,21,Chargers,7,10,3,6,0,26,201814,4,5,8,5,47,5,2018,14,0,0,0,1,0,1895
Vikings,0,0,0,7,0,7,Seahawks,0,3,0,18,0,21,201814,0,3,3,14,28,14,2018,14,0,0,0,1,0,1391
Rams,3,3,0,0,0,6,Bears,3,3,9,0,0,15,201814,0,0,9,9,21,9,2018,14,0,0,0,1,0,1741
Lions,0,3,7,7,0,17,Cardinals,0,0,0,3,0,3,201814,0,3,10,14,20,-14,2018,14,0,0,0,1,0,1687
Steelers,0,14,0,7,0,21,Raiders,7,3,0,14,0,24,201814,7,-4,-4,3,45,3,2018,14,0,0,0,1,0,2251
Eagles,0,0,6,17,0,23,Cowboys,3,3,3,14,6,29,201814,3,6,3,6,52,6,2018,14,0,0,0,1,1,1297
Broncos,0,0,7,7,0,14,49ers,3,17,0,0,0,20,201814,3,20,13,6,34,6,2018,14,0,0,0,0,0,947
Colts,0,17,7,0,0,24,Texans,7,0,7,7,0,21,201814,-7,10,10,3,45,-3,2018,14,0,0,0,1,1,865
Saints,0,3,8,17,0,28,Buccaneers,7,7,0,0,0,14,201814,-7,-11,-3,14,42,-14,2018,14,0,0,0,1,1,480
Patriots,6,21,0,6,0,33,Dolphins,7,14,7,6,0,34,201814,1,-6,1,1,67,1,2018,14,0,0,0,1,1,1241
Ravens,0,10,7,7,0,24,Chiefs,7,10,0,7,3,27,201814,7,7,0,3,51,3,2018,14,0,0,0,1,0,960
Falcons,7,0,0,13,0,20,Packers,7,13,14,0,0,34,201814,0,13,27,14,54,14,2018,14,0,0,0,1,0,768
Panthers,7,10,3,0,0,20,Browns,7,10,0,9,0,26,201814,0,0,-3,6,46,6,2018,14,0,0,0,0,0,435
Jets,3,10,0,14,0,27,Bills,14,3,3,3,0,23,201814,-11,-4,-7,4,50,-4,2018,14,0,0,0,1,1,292
Jaguars,2,0,7,0,0,9,Titans,7,9,14,0,0,30,201814,5,14,21,21,39,21,2018,14,0,0,0,1,1,500
Giants,7,27,6,0,0,40,Washington,0,0,0,16,0,16,201814,7,34,40,24,56,-24,2018,14,0,0,0,1,1,204
Eagles,3,10,17,0,0,30,Rams,7,6,0,10,0,23,201815,-4,0,17,7,53,-7,2018,15,0,0,0,1,0,2388
Patriots,7,0,3,0,0,10,Steelers,7,7,0,3,0,17,201815,0,7,4,7,27,7,2018,15,0,0,0,1,0,479
Seahawks,6,7,0,10,0,23,49ers,7,10,3,3,3,26,201815,1,4,7,3,49,3,2018,15,0,0,0,1,1,679
Buccaneers,0,9,3,0,0,12,Ravens,0,10,7,3,0,20,201815,0,1,5,8,32,8,2018,15,0,0,0,0,0,852
Washington,3,0,3,10,0,16,Jaguars,0,10,0,3,0,13,201815,3,-7,-4,3,29,-3,2018,15,0,0,0,0,0,647
Titans,7,0,7,3,0,17,Giants,0,0,0,0,0,0,201815,7,7,14,17,17,-17,2018,15,0,0,0,0,0,758
Dolphins,0,10,7,0,0,17,Vikings,21,0,3,17,0,41,201815,21,11,7,24,58,24,2018,15,0,0,0,0,0,1513
Saints,3,3,0,6,0,12,Panthers,7,0,0,2,0,9,201815,-4,-1,-1,3,21,-3,2018,15,0,0,0,1,1,648
Raiders,0,7,6,3,0,16,Bengals,7,13,0,10,0,30,201815,7,13,7,14,46,14,2018,15,0,0,0,1,0,2032
Packers,0,3,11,3,0,17,Bears,7,7,0,10,0,24,201815,7,11,0,7,41,7,2018,15,0,0,0,1,1,185
Lions,0,13,0,0,0,13,Bills,0,7,0,7,0,14,201815,0,-6,-6,1,27,1,2018,15,0,0,0,0,0,215
Cardinals,7,0,0,7,0,14,Falcons,10,16,7,7,0,40,201815,3,19,26,26,54,26,2018,15,0,0,0,1,0,1588
Browns,7,3,0,7,0,17,Broncos,7,3,3,3,0,16,201815,0,0,-3,1,33,-1,2018,15,0,0,0,1,0,1223
Texans,3,13,0,13,0,29,Jets,3,6,6,7,0,22,201815,0,7,1,7,51,-7,2018,15,0,0,0,1,0,1417
Chargers,0,7,7,15,0,29,Chiefs,14,0,7,7,0,28,201815,-14,-7,-7,1,57,-1,2018,15,0,0,0,1,1,1354
Cowboys,0,0,0,0,0,0,Colts,7,3,10,3,0,23,201815,7,10,20,23,23,23,2018,15,0,0,0,0,0,763
Broncos,0,0,7,7,0,14,Raiders,7,10,0,10,0,27,201816,7,17,10,13,41,13,2018,16,0,0,0,1,1,939
Chiefs,3,7,7,14,0,31,Seahawks,7,7,10,14,0,38,201816,4,4,7,7,69,7,2018,16,0,0,0,0,0,1502
Steelers,3,11,14,0,0,28,Saints,7,10,7,7,0,31,201816,4,3,-4,3,59,3,2018,16,0,0,0,0,0,919
Bears,0,7,7,0,0,14,49ers,0,9,0,0,0,9,201816,0,-2,5,5,23,-5,2018,16,0,0,0,1,0,1853
Rams,7,14,3,7,0,31,Cardinals,3,6,0,0,0,9,201816,4,12,15,22,40,-22,2018,16,0,0,0,1,1,356
Falcons,7,3,14,0,0,24,Panthers,7,3,0,0,0,10,201816,0,0,14,14,34,-14,2018,16,0,0,0,1,1,226
Texans,0,16,0,14,0,30,Eagles,7,6,10,9,0,32,201816,7,-3,7,2,62,2,2018,16,0,0,0,0,0,1339
Packers,0,17,3,18,6,44,Jets,7,14,14,3,0,38,201816,-7,-4,-15,6,82,-6,2018,16,0,0,0,0,0,758
Bills,0,0,6,6,0,12,Patriots,7,7,7,3,0,24,201816,7,14,15,12,36,12,2018,16,0,0,0,1,1,404
Giants,14,3,7,3,0,27,Colts,0,7,14,7,0,28,201816,-14,-10,-3,1,55,1,2018,16,0,0,0,0,0,643
Vikings,0,14,3,10,0,27,Lions,3,6,0,0,0,9,201816,-3,5,8,18,36,-18,2018,16,0,0,0,1,1,542
Buccaneers,3,10,0,7,0,20,Cowboys,14,3,10,0,0,27,201816,11,4,14,7,47,7,2018,16,0,0,0,1,0,916
Bengals,0,0,0,18,0,18,Browns,0,16,7,3,0,26,201816,0,16,23,8,44,8,2018,16,0,0,0,1,1,217
Ravens,3,3,10,6,0,22,Chargers,0,3,7,0,0,10,201816,3,3,6,12,32,-12,2018,16,0,0,0,1,0,2314
Washington,3,7,3,3,0,16,Titans,6,3,0,16,0,25,201816,3,-1,-4,9,41,9,2018,16,0,0,0,0,0,566
Jaguars,7,0,0,10,0,17,Dolphins,7,0,0,0,0,7,201816,0,0,0,10,24,-10,2018,16,0,0,0,1,0,327
Raiders,0,3,0,0,0,3,Chiefs,14,7,7,7,0,35,201817,14,18,25,32,38,32,2018,17,0,0,0,1,1,1495
Colts,7,10,7,9,0,33,Titans,0,10,7,0,0,17,201817,7,7,7,16,50,-16,2018,17,0,0,0,1,1,251
Eagles,3,7,7,7,0,24,Washington,0,0,0,0,0,0,201817,3,10,17,24,24,-24,2018,17,0,0,0,1,1,123
Bengals,0,10,0,3,0,13,Steelers,0,3,7,6,0,16,201817,0,-7,0,3,29,3,2018,17,0,0,0,1,1,252
Bears,7,6,0,11,0,24,Vikings,0,3,7,0,0,10,201817,7,10,3,14,34,-14,2018,17,0,0,0,1,1,355
49ers,3,7,7,15,0,32,Rams,14,17,14,3,0,48,201817,11,21,28,16,80,16,2018,17,0,0,0,1,1,347
Chargers,0,7,7,9,0,23,Broncos,0,3,0,6,0,9,201817,0,4,11,14,32,-14,2018,17,0,0,0,1,1,830
Browns,7,0,7,10,0,24,Ravens,10,10,3,3,0,26,201817,3,13,9,2,50,2,2018,17,0,0,0,1,1,307
Falcons,0,7,17,10,0,34,Buccaneers,7,10,3,12,0,32,201817,-7,-10,4,2,66,-2,2018,17,0,0,0,1,1,416
Jaguars,3,0,0,0,0,3,Texans,3,14,0,3,0,20,201817,0,14,14,17,23,17,2018,17,0,0,0,1,1,820
Dolphins,0,14,3,0,0,17,Bills,14,0,14,14,0,42,201817,14,0,11,25,59,25,2018,17,0,0,0,1,1,1184
Lions,7,14,3,7,0,31,Packers,0,0,0,0,0,0,201817,7,21,24,31,31,-31,2018,17,0,0,0,1,1,291
Cardinals,3,10,8,3,0,24,Seahawks,7,7,7,6,0,27,201817,4,1,0,3,51,3,2018,17,0,0,0,1,1,1114
Jets,3,0,0,0,0,3,Patriots,7,14,7,10,0,38,201817,4,18,25,35,41,35,2018,17,0,0,0,1,1,181
Panthers,13,10,7,3,0,33,Saints,0,0,0,14,0,14,201817,13,23,30,19,47,-19,2018,17,0,0,0,1,1,648
Cowboys,0,14,7,15,0,36,Giants,0,7,11,17,0,35,201817,0,7,3,1,71,-1,2018,17,0,0,0,1,1,1370
Colts,14,7,0,0,0,21,Texans,0,0,0,7,0,7,201818,14,21,21,14,28,-14,2018,18,1,0,0,1,1,865
Seahawks,0,6,8,8,0,22,Cowboys,3,7,0,14,0,24,201818,3,4,-4,2,46,2,2018,18,1,0,0,1,0,1679
Chargers,6,6,0,11,0,23,Ravens,0,0,3,14,0,17,201818,6,12,9,6,40,-6,2018,18,1,0,0,1,0,2314
Eagles,3,0,7,6,0,16,Bears,0,6,0,9,0,15,201818,3,-3,4,1,31,-1,2018,18,1,0,0,1,0,664
Chargers,7,0,7,14,0,28,Patriots,14,21,3,3,0,41,201819,7,28,24,13,69,13,2018,19,1,0,1,1,0,2594
Eagles,14,0,0,0,0,14,Saints,0,10,7,3,0,20,201819,-14,-4,3,6,34,6,2018,19,1,0,1,1,0,1088
Colts,0,7,0,6,0,13,Chiefs,14,10,0,7,0,31,201819,14,17,17,18,44,18,2018,19,1,0,1,1,0,451
Cowboys,7,0,8,7,0,22,Rams,3,17,3,7,0,30,201819,-4,13,8,8,52,8,2018,19,1,0,1,1,0,1237
Rams,0,10,7,6,3,26,Saints,13,0,7,3,0,23,201820,-13,-3,-3,3,49,-3,2018,20,1,0,0,1,0,1669
Patriots,7,7,3,14,6,37,Chiefs,0,0,7,24,0,31,201820,7,14,10,6,68,-6,2018,20,1,0,0,1,0,1249
Patriots,0,3,0,10,0,13,Rams,0,0,3,0,0,3,201822,0,3,0,10,16,-10,2018,22,1,1,1,0,0,2594
Bengals,3,14,0,3,0,20,Seahawks,0,14,0,7,0,21,201901,-3,-3,-3,1,41,1,2019,1,0,0,0,0,0,1967
Broncos,0,0,6,10,0,16,Raiders,7,7,0,10,0,24,201901,7,14,8,8,40,8,2019,1,0,0,0,1,1,939
Texans,0,14,7,7,0,28,Saints,0,3,14,13,0,30,201901,0,-11,-4,2,58,2,2019,1,0,0,0,0,0,317
Steelers,0,0,3,0,0,3,Patriots,7,13,10,3,0,33,201901,7,20,27,30,36,30,2019,1,0,0,0,1,0,479
49ers,3,3,14,11,0,31,Buccaneers,0,7,7,3,0,17,201901,3,-1,6,14,48,-14,2019,1,0,0,0,1,0,2396
Lions,0,17,0,7,3,27,Cardinals,0,3,3,18,3,27,201901,0,14,11,0,54,0,2019,1,0,0,0,1,0,1687
Giants,7,0,3,7,0,17,Cowboys,7,14,14,0,0,35,201901,0,14,25,18,52,18,2019,1,0,0,0,1,1,1370
Colts,0,6,10,8,0,24,Chargers,7,10,7,0,6,30,201901,7,11,8,6,54,6,2019,1,0,0,0,1,0,1805
Bills,0,0,3,14,0,17,Jets,6,0,10,0,0,16,201901,-6,-6,-13,1,33,-1,2019,1,0,0,0,1,1,292
Rams,0,13,10,7,0,30,Panthers,0,3,10,14,0,27,201901,0,10,10,3,57,-3,2019,1,0,0,0,1,0,2115
Washington,10,10,0,7,0,27,Eagles,0,7,14,11,0,32,201901,-10,-13,1,5,59,5,2019,1,0,0,0,1,1,123
Falcons,0,0,0,12,0,12,Vikings,14,7,7,0,0,28,201901,14,21,28,16,40,16,2019,1,0,0,0,1,0,908
Ravens,21,21,10,7,0,59,Dolphins,0,10,0,0,0,10,201901,21,32,42,49,69,-49,2019,1,0,0,0,1,0,956
Titans,3,9,10,21,0,43,Browns,6,0,7,0,0,13,201901,-3,6,9,30,56,-30,2019,1,0,0,0,1,0,458
Packers,0,7,0,3,0,10,Bears,3,0,0,0,0,3,201901,-3,4,4,7,13,-7,2019,1,0,0,0,1,1,185
Chiefs,17,6,7,10,0,40,Jaguars,7,6,0,13,0,26,201901,10,10,17,14,66,-14,2019,1,0,0,0,1,0,949
Cardinals,3,3,3,8,0,17,Ravens,7,10,0,6,0,23,201902,4,11,8,6,40,6,2019,2,0,0,0,0,0,2000
Browns,6,10,7,0,0,23,Jets,0,3,0,0,0,3,201902,6,13,20,20,26,-20,2019,2,0,0,0,1,0,403
Eagles,0,6,6,8,0,20,Falcons,3,7,7,7,0,24,201902,3,4,5,4,44,4,2019,2,0,0,0,1,0,665
Saints,0,3,3,3,0,9,Rams,3,3,14,7,0,27,201902,3,3,14,18,36,18,2019,2,0,0,0,1,0,1669
Bears,0,6,7,3,0,16,Broncos,3,0,0,11,0,14,201902,-3,3,10,2,30,-2,2019,2,0,0,0,0,0,916
Jaguars,0,3,0,9,0,12,Texans,3,3,0,7,0,13,201902,3,3,3,1,25,1,2019,2,0,0,0,1,1,820
Cowboys,0,14,7,10,0,31,Washington,0,7,7,7,0,21,201902,0,7,7,10,52,-10,2019,2,0,0,0,1,1,1181
Chiefs,0,28,0,0,0,28,Raiders,10,0,0,0,0,10,201902,-10,18,18,18,38,-18,2019,2,0,0,0,1,1,1495
Bills,7,14,0,7,0,28,Giants,7,0,0,7,0,14,201902,0,14,14,14,42,-14,2019,2,0,0,0,0,0,292
Patriots,7,6,10,20,0,43,Dolphins,0,0,0,0,0,0,201902,7,13,23,43,43,-43,2019,2,0,0,0,1,1,1241
Colts,7,6,0,6,0,19,Titans,0,7,10,0,0,17,201902,7,6,-4,2,36,-2,2019,2,0,0,0,1,1,251
Vikings,0,10,6,0,0,16,Packers,14,7,0,0,0,21,201902,14,11,5,5,37,5,2019,2,0,0,0,1,1,259
Chargers,7,3,0,0,0,10,Lions,6,0,0,7,0,13,201902,-1,-4,-4,3,23,3,2019,2,0,0,0,0,0,1979
49ers,14,10,10,7,0,41,Bengals,7,3,0,7,0,17,201902,7,14,24,24,58,-24,2019,2,0,0,0,0,0,2040
Buccaneers,3,7,7,3,0,20,Panthers,3,6,3,2,0,14,201902,0,1,5,6,34,-6,2019,2,0,0,0,1,1,511
Seahawks,0,7,14,7,0,28,Steelers,0,10,3,13,0,26,201902,0,-3,8,2,54,-2,2019,2,0,0,0,0,0,2132
Bears,7,21,0,3,0,31,Washington,0,3,6,6,0,15,201903,7,25,19,16,46,-16,2019,3,0,0,0,1,0,594
Saints,7,13,7,6,0,33,Seahawks,7,0,0,20,0,27,201903,0,13,20,6,60,-6,2019,3,0,0,0,1,0,2098
Steelers,6,0,7,7,0,20,49ers,0,3,14,7,0,24,201903,-6,-3,4,4,44,4,2019,3,0,0,0,0,0,2260
Texans,0,7,14,6,0,27,Chargers,7,10,0,3,0,20,201903,-7,-10,4,7,47,-7,2019,3,0,0,0,1,0,1371
Giants,3,7,15,7,0,32,Buccaneers,12,16,0,3,0,31,201903,-9,-18,-3,1,63,-1,2019,3,0,0,0,1,0,1004
Panthers,0,14,14,10,0,38,Cardinals,7,3,10,0,0,20,201903,-7,4,8,18,58,-18,2019,3,0,0,0,1,0,1778
Lions,7,13,0,7,0,27,Eagles,10,0,7,7,0,24,201903,-3,10,3,3,51,-3,2019,3,0,0,0,1,0,441
Rams,3,0,7,10,0,20,Browns,0,6,7,0,0,13,201903,3,-3,-3,7,33,-7,2019,3,0,0,0,0,0,2044
Raiders,0,7,0,7,0,14,Vikings,7,14,7,6,0,34,201903,7,14,21,20,48,20,2019,3,0,0,0,0,0,1573
Ravens,6,0,7,15,0,28,Chiefs,0,23,7,3,0,33,201903,-6,17,17,5,61,5,2019,3,0,0,0,1,0,960
Falcons,0,3,7,14,0,24,Colts,10,10,0,7,0,27,201903,10,17,10,3,51,3,2019,3,0,0,0,0,0,427
Broncos,0,10,6,0,0,16,Packers,7,10,7,3,0,27,201903,7,7,8,11,43,11,2019,3,0,0,0,0,0,927
Dolphins,3,3,0,0,0,6,Cowboys,10,0,14,7,0,31,201903,7,4,18,25,37,25,2019,3,0,0,0,0,0,1110
Bengals,0,0,7,10,0,17,Bills,8,6,0,7,0,21,201903,8,14,7,4,38,4,2019,3,0,0,0,1,0,388
Titans,0,0,0,7,0,7,Jaguars,14,0,3,3,0,20,201903,14,14,17,13,27,13,2019,3,0,0,0,1,1,500
Jets,0,0,7,7,0,14,Patriots,13,7,10,0,0,30,201903,13,20,23,16,44,16,2019,3,0,0,0,1,1,181
Bengals,3,0,0,0,0,3,Steelers,0,10,14,3,0,27,201904,-3,7,21,24,30,24,2019,4,0,0,0,1,1,252
Cowboys,3,0,7,0,0,10,Saints,0,9,0,3,0,12,201904,-3,6,-1,2,22,2,2019,4,0,0,0,1,0,442
Jaguars,3,3,14,6,0,26,Broncos,7,10,0,7,0,24,201904,-4,-11,3,2,50,-2,2019,4,0,0,0,1,0,1465
Vikings,0,0,0,6,0,6,Bears,7,3,6,0,0,16,201904,7,10,16,10,22,10,2019,4,0,0,0,1,1,355
Seahawks,10,10,0,7,0,27,Cardinals,0,3,0,7,0,10,201904,10,17,17,17,37,-17,2019,4,0,0,0,1,1,1114
Buccaneers,7,21,3,24,0,55,Rams,0,17,3,20,0,40,201904,7,11,11,15,95,-15,2019,4,0,0,0,1,0,2149
Panthers,3,7,0,6,0,16,Texans,0,3,7,0,0,10,201904,3,7,0,6,26,-6,2019,4,0,0,0,0,0,925
Washington,0,3,0,0,0,3,Giants,7,10,7,0,0,24,201904,7,14,21,21,27,21,2019,4,0,0,0,1,1,204
Chargers,10,7,3,10,0,30,Dolphins,7,3,0,0,0,10,201904,3,7,10,20,40,-20,2019,4,0,0,0,1,0,2335
Raiders,14,7,3,7,0,31,Colts,7,3,0,14,0,24,201904,7,11,14,7,55,-7,2019,4,0,0,0,1,0,1936
Chiefs,0,13,7,14,0,34,Lions,10,3,10,7,0,30,201904,-10,0,-3,4,64,-4,2019,4,0,0,0,0,0,643
Patriots,13,0,3,0,0,16,Bills,0,3,7,0,0,10,201904,13,10,6,6,26,-6,2019,4,0,0,0,1,1,404
Titans,14,10,0,0,0,24,Falcons,7,0,3,0,0,10,201904,7,17,14,14,34,-14,2019,4,0,0,0,0,0,215
Eagles,0,21,6,7,0,34,Packers,7,13,7,0,0,27,201904,-7,1,0,7,61,-7,2019,4,0,0,0,1,0,728
Browns,7,3,14,16,0,40,Ravens,0,7,3,15,0,25,201904,7,3,14,15,65,-15,2019,4,0,0,0,1,1,307
Patriots,6,6,14,7,0,33,Washington,7,0,0,0,0,7,201905,-1,5,19,26,40,-26,2019,5,0,0,0,0,0,385
Packers,14,3,14,3,0,34,Cowboys,0,0,10,14,0,24,201905,14,17,21,10,58,-10,2019,5,0,0,0,1,0,937
Browns,0,3,0,0,0,3,49ers,14,7,7,3,0,31,201905,14,18,25,28,34,28,2019,5,0,0,1,0,0,2161
Falcons,7,10,0,15,0,32,Texans,7,9,17,20,0,53,201905,0,-1,16,21,85,21,2019,5,0,0,0,0,0,700
Jaguars,7,10,7,3,0,27,Panthers,14,7,7,6,0,34,201905,7,4,4,7,61,7,2019,5,0,0,0,0,0,341
Ravens,10,7,0,6,3,26,Steelers,7,6,7,3,0,23,201905,3,4,-3,3,49,-3,2019,5,0,0,0,1,1,196
Colts,7,6,0,6,0,19,Chiefs,3,7,0,3,0,13,201905,4,3,3,6,32,-6,2019,5,0,0,0,1,0,451
Vikings,3,15,7,3,0,28,Giants,0,7,3,0,0,10,201905,3,11,15,18,38,-18,2019,5,0,0,0,1,0,1016
Jets,0,0,0,6,0,6,Eagles,14,7,3,7,0,31,201905,14,21,24,25,37,25,2019,5,0,1,0,0,0,80
Rams,6,7,13,3,0,29,Seahawks,7,7,7,9,0,30,201905,1,1,-5,1,59,1,2019,5,0,0,0,1,1,960
Cardinals,7,6,0,13,0,26,Bengals,3,3,3,14,0,23,201905,4,7,4,3,49,-3,2019,5,0,0,0,0,0,1580
Broncos,14,3,0,3,0,20,Chargers,0,0,7,6,0,13,201905,14,17,10,7,33,-7,2019,5,0,0,0,1,1,830
Bears,0,0,21,0,0,21,Raiders,0,17,0,7,0,24,201905,0,17,-4,3,45,3,2019,5,0,0,0,0,0,1845
Bills,0,7,0,7,0,14,Titans,0,0,7,0,0,7,201905,0,7,0,7,21,-7,2019,5,0,0,0,1,0,626
Buccaneers,7,3,7,7,0,24,Saints,3,14,7,7,0,31,201905,-4,7,7,7,55,7,2019,5,0,0,0,1,1,480
Lions,10,3,6,3,0,22,Packers,0,10,3,10,0,23,201906,-10,-3,-6,1,45,1,2019,6,0,1,0,1,1,291
Steelers,14,7,3,0,0,24,Chargers,0,0,0,17,0,17,201906,14,21,24,7,41,-7,2019,6,0,0,0,1,0,2132
Cowboys,0,6,3,13,0,22,Jets,7,14,0,3,0,24,201906,7,15,12,2,46,2,2019,6,0,0,0,0,0,1370
Titans,0,0,0,0,0,0,Broncos,3,3,7,3,0,16,201906,3,6,13,16,16,16,2019,6,0,0,0,1,0,1019
Falcons,7,3,10,13,0,33,Cardinals,3,17,7,7,0,34,201906,-4,10,7,1,67,1,2019,6,0,0,0,1,0,1588
Bengals,7,3,0,7,0,17,Ravens,14,3,3,3,0,23,201906,7,7,10,6,40,6,2019,6,0,0,0,1,1,419
49ers,7,0,10,3,0,20,Rams,7,0,0,0,0,7,201906,0,0,10,13,27,-13,2019,6,0,0,0,1,1,347
Eagles,0,10,10,0,0,20,Vikings,10,14,7,7,0,38,201906,10,14,11,18,58,18,2019,6,0,0,0,1,0,983
Washington,0,7,10,0,0,17,Dolphins,0,3,0,13,0,16,201906,0,4,14,1,33,-1,2019,6,0,0,1,0,0,924
Texans,3,20,0,8,0,31,Chiefs,17,0,7,0,0,24,201906,-14,6,-1,7,55,-7,2019,6,0,0,0,1,0,646
Seahawks,6,12,7,7,0,32,Browns,14,6,0,8,0,28,201906,-8,-2,5,4,60,-4,2019,6,0,0,0,0,0,2020
Panthers,10,7,10,10,0,37,Buccaneers,0,7,3,16,0,26,201906,10,10,17,11,63,-11,2019,6,0,0,0,1,1,511
Giants,0,14,0,0,0,14,Patriots,7,14,0,14,0,35,201906,7,7,7,21,49,21,2019,6,0,0,0,0,0,181
Saints,3,0,3,7,0,13,Jaguars,0,3,3,0,0,6,201906,3,0,0,7,19,-7,2019,6,0,0,0,0,0,503
49ers,0,0,3,6,0,9,Washington,0,0,0,0,0,0,201907,0,0,3,9,9,-9,2019,7,0,0,0,1,0,2435
Patriots,17,7,2,7,0,33,Jets,0,0,0,0,0,0,201907,17,24,26,33,33,-33,2019,7,0,0,0,1,1,181
Eagles,7,0,3,0,0,10,Cowboys,14,13,0,10,0,37,201907,7,20,17,27,47,27,2019,7,0,0,0,1,1,1297
Ravens,3,10,7,10,0,30,Seahawks,0,13,0,3,0,16,201907,3,0,7,14,46,-14,2019,7,0,0,0,0,0,2328
Saints,9,3,14,10,0,36,Bears,7,3,0,15,0,25,201907,2,2,16,11,61,-11,2019,7,0,0,1,1,0,832
Chargers,3,7,0,10,0,20,Titans,3,7,0,13,0,23,201907,0,0,0,3,43,3,2019,7,0,0,0,1,0,1776
Cardinals,14,3,7,3,0,27,Giants,0,14,0,7,0,21,201907,14,3,10,6,48,-6,2019,7,0,0,0,1,0,2139
Rams,3,10,14,10,0,37,Falcons,3,0,0,7,0,10,201907,0,10,24,27,47,-27,2019,7,0,0,0,1,0,1932
Raiders,3,7,7,7,0,24,Packers,7,14,14,7,0,42,201907,4,11,18,18,66,18,2019,7,0,1,0,0,0,1826
Vikings,7,14,7,14,0,42,Lions,14,7,3,6,0,30,201907,-7,0,4,12,72,-12,2019,7,0,0,0,1,1,542
Jaguars,0,6,3,18,0,27,Bengals,0,7,3,7,0,17,201907,0,-1,-1,10,44,-10,2019,7,0,0,0,1,0,630
Dolphins,0,14,0,7,0,21,Bills,6,3,0,22,0,31,201907,6,-5,-5,10,52,10,2019,7,0,0,1,1,1,1184
Chiefs,10,10,7,3,0,30,Broncos,6,0,0,0,0,6,201907,4,14,21,24,36,-24,2019,7,0,0,0,1,1,556
Texans,0,9,7,7,0,23,Colts,7,7,14,2,0,30,201907,7,5,12,7,53,7,2019,7,0,0,1,1,1,865
Cardinals,3,3,3,0,0,9,Saints,0,10,7,14,0,31,201908,-3,4,8,22,40,22,2019,8,0,0,0,1,0,1312
Packers,14,0,3,14,0,31,Chiefs,0,17,0,7,0,24,201908,14,-3,0,7,55,-7,2019,8,0,0,0,0,0,503
Dolphins,14,0,0,0,0,14,Steelers,0,10,7,10,0,27,201908,-14,-4,3,13,41,13,2019,8,0,0,1,1,0,1013
Browns,0,7,3,3,0,13,Patriots,17,0,7,3,0,27,201908,17,10,14,14,40,14,2019,8,0,1,0,1,0,551
Panthers,3,0,10,0,0,13,49ers,14,13,14,10,0,51,201908,11,24,28,38,64,38,2019,8,0,1,0,1,0,2296
Jets,7,0,0,8,0,15,Jaguars,13,6,3,7,0,29,201908,6,12,15,14,44,14,2019,8,0,0,0,1,0,835
Bengals,0,10,0,0,0,10,Rams,3,14,7,0,0,24,201908,3,7,14,14,34,14,2019,8,0,0,0,0,0,1895
Raiders,7,7,7,3,0,24,Texans,7,3,3,14,0,27,201908,0,-4,-8,3,51,3,2019,8,0,0,0,1,0,1635
Buccaneers,3,12,8,0,0,23,Titans,14,3,3,7,0,27,201908,11,2,-3,4,50,4,2019,8,0,1,0,0,0,621
Giants,0,13,6,7,0,26,Lions,14,3,7,7,0,31,201908,14,4,5,5,57,5,2019,8,0,0,0,1,0,480
Chargers,0,7,3,7,0,17,Bears,0,9,7,0,0,16,201908,0,-2,-6,1,33,-1,2019,8,0,0,0,0,0,1741
Eagles,3,8,13,7,0,31,Bills,0,7,6,0,0,13,201908,3,4,11,18,44,-18,2019,8,0,0,0,0,0,279
Seahawks,3,21,0,3,0,27,Falcons,0,0,11,9,0,20,201908,3,24,13,7,47,-7,2019,8,0,0,0,1,0,2178
Washington,0,6,3,0,0,9,Vikings,3,10,3,3,0,19,201908,3,7,7,10,28,10,2019,8,0,0,0,1,0,931
Broncos,0,6,7,0,0,13,Colts,0,3,9,3,0,15,201908,0,-3,-1,2,28,2,2019,8,0,0,0,1,0,998
Cowboys,3,10,3,21,0,37,Giants,3,9,3,3,0,18,201909,0,1,1,19,55,-19,2019,9,0,1,0,1,1,1370
Patriots,0,13,7,0,0,20,Ravens,10,7,7,13,0,37,201909,10,4,4,17,57,17,2019,9,0,0,1,1,0,350
Packers,0,0,3,8,0,11,Chargers,6,3,10,7,0,26,201909,6,9,16,15,37,15,2019,9,0,0,0,0,0,1757
Browns,0,12,0,7,0,19,Broncos,7,10,7,0,0,24,201909,7,5,12,5,43,5,2019,9,0,0,0,1,0,1223
Buccaneers,14,7,3,10,0,34,Seahawks,7,6,8,13,6,40,201909,-7,-8,-3,6,74,6,2019,9,0,0,0,1,0,2526
Lions,7,7,3,7,0,24,Raiders,7,10,0,14,0,31,201909,0,3,0,7,55,7,2019,9,0,0,0,0,0,2078
Titans,0,0,7,13,0,20,Panthers,0,17,7,6,0,30,201909,0,17,17,10,50,10,2019,9,0,0,0,0,0,339
49ers,7,14,7,0,0,28,Cardinals,7,0,7,11,0,25,201909,0,14,14,3,53,-3,2019,9,0,0,0,1,1,652
Bears,0,0,7,7,0,14,Eagles,3,9,7,3,0,22,201909,3,12,12,8,36,8,2019,9,0,0,0,1,0,664
Jets,7,5,3,3,0,18,Dolphins,0,21,3,2,0,26,201909,-7,9,9,8,44,8,2019,9,0,0,0,1,1,1091
Vikings,7,3,6,7,0,23,Chiefs,7,3,10,6,0,26,201909,0,0,4,3,49,3,2019,9,0,0,0,0,0,411
Washington,0,6,3,0,0,9,Bills,10,7,0,7,0,24,201909,10,11,8,15,33,15,2019,9,0,0,0,0,0,292
Texans,3,6,10,7,0,26,Jaguars,0,3,0,0,0,3,201909,3,6,16,23,29,-23,2019,9,0,0,0,1,1,820
Colts,3,13,2,6,0,24,Steelers,3,10,7,6,0,26,201909,0,-3,2,2,50,2,2019,9,0,0,0,1,0,328
Seahawks,0,7,14,3,3,27,49ers,10,0,0,14,0,24,201910,-10,-3,11,3,51,-3,2019,10,0,0,0,1,1,679
Vikings,14,3,11,0,0,28,Cowboys,0,14,7,3,0,24,201910,14,3,7,4,52,-4,2019,10,0,0,0,1,0,863
Rams,7,0,3,2,0,12,Steelers,7,7,0,3,0,17,201910,0,7,4,5,29,5,2019,10,0,1,0,0,0,2132
Panthers,7,3,0,6,0,16,Packers,7,7,10,0,0,24,201910,0,4,14,8,40,8,2019,10,0,0,0,1,0,745
Dolphins,3,7,0,6,0,16,Colts,0,0,6,6,0,12,201910,3,10,4,4,28,-4,2019,10,0,0,0,1,0,1026
Cardinals,3,10,7,7,0,27,Buccaneers,7,10,3,10,0,30,201910,4,4,0,3,57,3,2019,10,0,0,0,1,0,1793
Falcons,3,10,0,13,0,26,Saints,3,3,3,0,0,9,201910,0,7,4,17,35,-17,2019,10,0,1,1,1,1,424
Chiefs,10,3,9,10,0,32,Titans,0,13,7,15,0,35,201910,-10,0,-2,3,67,3,2019,10,0,0,0,1,0,471
Bills,0,7,2,7,0,16,Browns,6,3,3,7,0,19,201910,6,2,3,3,35,3,2019,10,0,0,0,1,0,173
Ravens,14,14,21,0,0,49,Bengals,0,10,0,3,0,13,201910,14,18,39,36,62,-36,2019,10,0,0,1,1,1,419
Lions,3,3,0,7,0,13,Bears,0,7,13,0,0,20,201910,-3,1,14,7,33,7,2019,10,0,0,0,1,1,238
Chargers,0,14,3,7,0,24,Raiders,10,7,3,6,0,26,201910,10,3,3,2,50,2,2019,10,0,0,0,1,1,343
Giants,0,13,14,0,0,27,Jets,14,0,10,10,0,34,201910,14,1,-3,7,61,7,2019,10,0,0,0,0,0,0
Jets,6,14,0,14,0,34,Washington,0,3,0,14,0,17,201911,6,17,17,17,51,-17,2019,11,0,0,1,0,0,204
Chiefs,0,10,14,0,0,24,Chargers,3,6,8,0,0,17,201911,-3,1,7,7,41,-7,2019,11,0,0,0,1,1,1354
Bears,0,0,7,0,0,7,Rams,0,10,0,7,0,17,201911,0,10,3,10,24,10,2019,11,0,0,0,1,0,1741
Patriots,0,9,8,0,0,17,Eagles,3,7,0,0,0,10,201911,-3,-1,7,7,27,-7,2019,11,0,1,1,0,0,261
Bengals,7,0,3,0,0,10,Raiders,0,14,0,3,0,17,201911,-7,7,4,7,27,7,2019,11,0,0,0,1,0,2032
Cardinals,9,7,3,7,0,26,49ers,0,10,7,19,0,36,201911,-9,-6,-2,10,62,10,2019,11,0,0,0,1,1,652
Texans,0,0,0,7,0,7,Ravens,0,14,13,14,0,41,201911,0,14,27,34,48,34,2019,11,0,1,0,1,0,1250
Steelers,0,0,7,0,0,7,Browns,7,7,0,7,0,21,201911,7,14,7,14,28,14,2019,11,0,0,0,1,1,114
Saints,13,7,7,7,0,34,Buccaneers,0,7,10,0,0,17,201911,13,13,10,17,51,-17,2019,11,0,0,0,1,1,480
Broncos,10,10,3,0,0,23,Vikings,0,0,7,20,0,27,201911,-10,-20,-16,4,50,4,2019,11,0,1,0,0,0,698
Bills,6,17,7,7,0,37,Dolphins,0,14,0,6,0,20,201911,6,9,16,17,57,-17,2019,11,0,0,0,1,1,1184
Jaguars,7,0,0,6,0,13,Colts,7,3,14,9,0,33,201911,0,3,17,20,46,20,2019,11,0,1,0,1,1,699
Cowboys,3,21,3,8,0,35,Lions,7,7,7,6,0,27,201911,-4,10,6,8,62,-8,2019,11,0,0,0,1,0,999
Falcons,10,10,6,3,0,29,Panthers,0,0,0,3,0,3,201911,10,20,26,26,32,-26,2019,11,0,0,0,1,1,226
Seahawks,7,3,0,7,0,17,Eagles,3,0,0,6,0,9,201912,4,7,7,8,26,-8,2019,12,0,1,0,1,0,2373
Packers,0,0,8,0,0,8,49ers,10,13,7,7,0,37,201912,10,23,22,29,45,29,2019,12,0,1,0,1,0,1834
Cowboys,0,6,0,3,0,9,Patriots,7,3,0,3,0,13,201912,7,4,4,4,22,4,2019,12,0,0,0,0,0,1545
Jaguars,0,3,8,9,0,20,Titans,0,7,28,7,0,42,201912,0,4,24,22,62,22,2019,12,0,0,1,1,1,500
Lions,0,6,7,3,0,16,Washington,3,10,0,6,0,19,201912,3,7,0,3,35,3,2019,12,0,0,0,1,0,394
Ravens,14,14,7,10,0,45,Rams,0,6,0,0,0,6,201912,14,22,29,39,51,-39,2019,12,0,0,0,0,0,2314
Raiders,3,0,0,0,0,3,Jets,3,10,21,0,0,34,201912,0,10,31,31,37,31,2019,12,0,0,0,1,0,2557
Dolphins,0,3,14,7,0,24,Browns,14,14,0,13,0,41,201912,14,25,11,17,65,17,2019,12,0,0,0,1,0,1089
Steelers,0,3,7,6,0,16,Bengals,0,7,3,0,0,10,201912,0,-4,0,6,26,-6,2019,12,0,0,0,1,1,252
Giants,0,7,0,7,0,14,Bears,0,3,16,0,0,19,201912,0,-4,12,5,33,5,2019,12,0,1,0,1,0,711
Broncos,0,0,3,0,0,3,Bills,3,3,7,7,0,20,201912,3,6,10,17,23,17,2019,12,0,0,0,1,0,1366
Buccaneers,7,12,6,10,0,35,Falcons,10,0,3,9,0,22,201912,-3,9,12,13,57,-13,2019,12,0,0,0,1,1,416
Colts,0,10,7,0,0,17,Texans,0,10,3,7,0,20,201912,0,0,-4,3,37,3,2019,12,0,0,0,1,1,865
Panthers,6,9,9,7,0,31,Saints,14,3,14,3,0,34,201912,8,2,7,3,65,3,2019,12,0,0,0,1,1,648
Vikings,7,10,0,13,0,30,Seahawks,7,3,17,10,0,37,201913,0,-7,10,7,67,7,2019,13,0,1,0,1,0,1391
Patriots,3,0,6,13,0,22,Texans,7,7,7,7,0,28,201913,4,11,12,6,50,6,2019,13,0,0,0,1,0,1597
Raiders,0,0,0,9,0,9,Chiefs,7,14,10,9,0,40,201913,7,21,31,31,49,31,2019,13,0,0,1,1,1,1495
Chargers,0,10,0,10,0,20,Broncos,14,3,0,6,0,23,201913,14,7,7,3,43,3,2019,13,0,1,0,1,1,830
Rams,3,17,14,0,0,34,Cardinals,0,0,0,7,0,7,201913,3,20,34,27,41,-27,2019,13,0,0,1,1,1,356
49ers,7,7,3,0,0,17,Ravens,7,10,0,3,0,20,201913,0,3,0,3,37,3,2019,13,0,0,0,0,0,2451
Buccaneers,15,10,0,3,0,28,Jaguars,0,0,3,8,0,11,201913,15,25,22,17,39,-17,2019,13,0,0,0,0,0,171
Washington,3,9,3,14,0,29,Panthers,14,0,0,7,0,21,201913,-11,-2,1,8,50,-8,2019,13,0,0,0,1,0,329
Packers,14,3,0,14,0,31,Giants,7,3,3,0,0,13,201913,7,7,4,18,44,-18,2019,13,0,0,0,1,0,758
Eagles,10,11,7,3,0,31,Dolphins,7,7,12,11,0,37,201913,-3,-7,-2,6,68,6,2019,13,0,0,0,0,0,1021
Titans,7,0,10,14,0,31,Colts,7,3,7,0,0,17,201913,0,-3,0,14,48,-14,2019,13,0,0,0,1,1,251
Jets,3,3,0,0,0,6,Bengals,7,10,5,0,0,22,201913,4,11,16,16,28,16,2019,13,0,0,0,1,0,563
Saints,7,10,3,6,0,26,Falcons,0,9,0,9,0,18,201913,7,8,11,8,44,-8,2019,13,0,0,0,1,1,424
Bills,0,13,10,3,0,26,Cowboys,7,0,0,8,0,15,201913,-7,6,16,11,41,-11,2019,13,0,0,0,0,0,1197
Bears,7,3,7,7,0,24,Lions,14,3,0,3,0,20,201913,-7,-7,0,4,44,-4,2019,13,0,0,0,1,1,238
Browns,3,7,0,3,0,13,Steelers,0,10,7,3,0,20,201913,-3,0,7,7,33,7,2019,13,0,0,0,1,1,114
Broncos,14,17,7,0,0,38,Texans,0,3,7,14,0,24,201914,14,28,28,14,62,-14,2019,14,0,0,0,1,0,878
Giants,0,17,0,0,0,17,Eagles,0,3,7,7,6,23,201914,0,-14,-7,6,40,6,2019,14,0,0,0,1,1,80
Seahawks,3,0,6,3,0,12,Rams,7,14,0,7,0,28,201914,4,18,12,16,40,16,2019,14,0,0,0,1,1,960
Steelers,10,3,7,3,0,23,Cardinals,0,10,0,7,0,17,201914,10,3,10,6,40,-6,2019,14,0,0,0,0,0,1824
Chiefs,3,17,3,0,0,23,Patriots,7,0,6,3,0,16,201914,-4,13,10,7,39,-7,2019,14,0,0,0,1,0,1249
Titans,7,14,7,14,0,42,Raiders,7,14,0,0,0,21,201914,0,0,7,21,63,-21,2019,14,0,0,0,1,0,1950
Chargers,7,17,14,7,0,45,Jaguars,3,0,7,0,0,10,201914,4,21,28,35,55,-35,2019,14,0,0,0,1,0,2143
Colts,10,17,8,0,0,35,Buccaneers,14,7,7,10,0,38,201914,4,-6,-7,3,73,3,2019,14,0,0,0,0,0,843
Cowboys,7,0,0,17,0,24,Bears,0,17,7,7,0,31,201914,-7,10,17,7,55,7,2019,14,0,0,0,1,0,802
49ers,7,21,7,13,0,48,Saints,13,14,6,13,0,46,201914,-6,1,2,2,94,-2,2019,14,0,0,0,1,0,1921
Lions,0,0,0,7,0,7,Vikings,7,10,0,3,0,20,201914,7,17,17,13,27,13,2019,14,0,0,0,1,1,542
Washington,0,6,3,6,0,15,Packers,14,0,3,3,0,20,201914,14,8,8,5,35,5,2019,14,0,0,0,1,0,686
Bengals,6,7,3,3,0,19,Browns,7,7,10,3,0,27,201914,1,1,8,8,46,8,2019,14,0,0,0,1,1,217
Ravens,3,7,7,7,0,24,Bills,0,6,3,8,0,17,201914,3,4,8,7,41,-7,2019,14,0,0,0,1,0,275
Panthers,0,10,0,10,0,20,Falcons,3,10,17,10,0,40,201914,3,3,20,20,60,20,2019,14,0,0,0,1,1,226
Dolphins,3,6,3,9,0,21,Jets,0,16,0,6,0,22,201914,-3,7,4,1,43,1,2019,14,0,0,0,1,1,1091
Jaguars,3,0,3,14,0,20,Raiders,10,6,0,0,0,16,201915,-7,-13,-10,4,36,-4,2019,15,0,0,0,1,0,2361
Colts,0,0,0,7,0,7,Saints,3,17,14,0,0,34,201915,3,20,34,27,41,27,2019,15,0,0,0,0,0,713
Bills,0,7,0,10,0,17,Steelers,0,3,7,0,0,10,201915,0,4,-3,7,27,-7,2019,15,0,0,0,1,0,178
Falcons,0,10,0,19,0,29,49ers,0,10,3,9,0,22,201915,0,0,-3,7,51,-7,2019,15,0,0,0,1,0,2135
Rams,0,7,0,14,0,21,Cowboys,7,21,3,13,0,44,201915,7,21,24,23,65,23,2019,15,0,0,0,1,0,1237
Vikings,6,13,6,14,0,39,Chargers,3,7,0,0,0,10,201915,3,9,15,29,49,-29,2019,15,0,0,0,0,0,1521
Browns,0,10,7,7,0,24,Cardinals,7,14,7,10,0,38,201915,7,11,11,14,62,14,2019,15,0,0,0,0,0,1745
Seahawks,13,7,3,7,0,30,Panthers,0,7,3,14,0,24,201915,13,13,13,6,54,-6,2019,15,0,0,0,1,0,2280
Texans,0,14,0,10,0,24,Titans,0,0,7,14,0,21,201915,0,14,7,3,45,-3,2019,15,0,0,0,1,1,665
Dolphins,0,10,3,7,0,20,Giants,0,7,16,13,0,36,201915,0,-3,10,16,56,16,2019,15,0,0,0,0,0,1091
Broncos,0,3,0,0,0,3,Chiefs,6,9,8,0,0,23,201915,6,12,20,20,26,20,2019,15,0,0,0,1,1,556
Bears,0,3,0,10,0,13,Packers,7,0,14,0,0,21,201915,7,4,18,8,34,8,2019,15,0,0,0,1,1,185
Buccaneers,14,7,3,14,0,38,Lions,0,3,7,7,0,17,201915,14,18,14,21,55,-21,2019,15,0,0,0,1,0,994
Patriots,7,6,14,7,0,34,Bengals,10,0,0,3,0,13,201915,-3,3,17,21,47,-21,2019,15,0,0,0,1,0,732
Jets,0,7,0,14,0,21,Ravens,13,8,14,7,0,42,201915,13,14,28,21,63,21,2019,15,0,0,0,1,0,169
Eagles,3,7,7,20,0,37,Washington,7,7,0,13,0,27,201915,-4,-4,3,10,64,-10,2019,15,0,0,0,1,1,123
Packers,3,6,8,6,0,23,Vikings,3,7,0,0,0,10,201916,0,-1,7,13,33,-13,2019,16,0,0,0,1,1,259
Chiefs,7,10,0,9,0,26,Bears,0,0,3,0,0,3,201916,7,17,14,23,29,-23,2019,16,0,0,0,0,0,410
Cardinals,7,10,3,7,0,27,Seahawks,7,0,0,6,0,13,201916,0,10,13,14,40,-14,2019,16,0,0,0,1,1,1114
Raiders,7,7,7,3,0,24,Chargers,0,7,7,3,0,17,201916,7,7,7,7,41,-7,2019,16,0,0,0,1,1,343
Lions,3,7,7,0,0,17,Broncos,0,10,3,14,0,27,201916,-3,0,-4,10,44,10,2019,16,0,0,0,0,0,1154
Giants,14,14,7,0,6,41,Washington,7,7,7,14,0,35,201916,7,14,14,6,76,-6,2019,16,0,0,0,1,1,204
Steelers,0,10,0,0,0,10,Jets,7,3,3,3,0,16,201916,7,0,3,6,26,6,2019,16,0,0,0,1,0,314
Cowboys,0,6,0,3,0,9,Eagles,10,0,7,0,0,17,201916,10,4,11,8,26,8,2019,16,0,0,0,1,1,1297
Panthers,0,3,3,0,0,6,Colts,14,7,3,14,0,38,201916,14,18,18,32,44,32,2019,16,0,0,0,0,0,428
Saints,0,10,21,7,0,38,Titans,14,0,7,7,0,28,201916,-14,-4,10,10,66,-10,2019,16,0,0,0,0,0,469
Ravens,0,14,7,10,0,31,Browns,0,6,3,6,0,15,201916,0,8,12,16,46,-16,2019,16,0,0,0,1,1,307
Jaguars,0,3,3,6,0,12,Falcons,14,3,0,7,0,24,201916,14,14,11,12,36,12,2019,16,0,0,0,0,0,285
Rams,7,14,7,3,0,31,49ers,3,21,0,10,0,34,201916,-4,3,-4,3,65,3,2019,16,0,0,0,1,1,347
Bills,3,7,7,0,0,17,Patriots,7,3,3,11,0,24,201916,4,0,-4,7,41,7,2019,16,0,0,0,1,1,404
Texans,10,7,3,3,0,23,Buccaneers,3,14,3,0,0,20,201916,7,0,0,3,43,-3,2019,16,0,0,0,0,0,790
Bengals,0,6,6,23,0,35,Dolphins,14,7,7,7,3,38,201916,14,15,16,3,73,3,2019,16,0,0,0,1,0,957
Titans,7,7,7,14,0,35,Texans,7,0,7,0,0,14,201917,0,7,7,21,49,-21,2019,17,0,0,0,1,1,665
Steelers,0,7,3,0,0,10,Ravens,6,10,0,12,0,28,201917,6,9,6,18,38,18,2019,17,0,0,0,1,1,196
Colts,10,10,0,0,0,20,Jaguars,3,13,8,14,0,38,201917,-7,-4,4,18,58,18,2019,17,0,0,0,1,1,699
Eagles,3,7,7,17,0,34,Giants,0,3,14,0,0,17,201917,3,7,0,17,51,-17,2019,17,0,0,0,1,1,80
Cardinals,7,3,7,7,0,24,Rams,3,14,0,14,0,31,201917,-4,7,0,7,55,7,2019,17,0,0,0,1,1,356
Raiders,0,3,0,12,0,15,Broncos,0,10,3,3,0,16,201917,0,7,10,1,31,1,2019,17,0,0,0,1,1,939
Washington,0,10,6,0,0,16,Cowboys,6,14,17,10,0,47,201917,6,10,21,31,63,31,2019,17,0,0,0,1,1,1181
Bears,6,5,7,3,0,21,Vikings,0,6,0,13,0,19,201917,6,5,12,2,40,-2,2019,17,0,0,0,1,1,355
Falcons,10,6,0,6,6,28,Buccaneers,0,22,0,0,0,22,201917,10,-6,-6,6,50,-6,2019,17,0,0,0,1,1,416
Dolphins,3,7,7,10,0,27,Patriots,0,10,7,7,0,24,201917,3,0,0,3,51,-3,2019,17,0,0,0,1,1,1241
Chargers,0,7,7,7,0,21,Chiefs,3,7,14,7,0,31,201917,3,3,10,10,52,10,2019,17,0,0,0,1,1,1354
Packers,0,3,7,13,0,23,Lions,7,10,0,3,0,20,201917,-7,-14,-7,3,43,-3,2019,17,0,0,0,1,1,291
Browns,7,9,0,7,0,23,Bengals,13,7,3,10,0,33,201917,6,4,7,10,56,10,2019,17,0,0,0,1,1,217
Jets,0,3,0,10,0,13,Bills,0,0,3,3,0,6,201917,0,3,0,7,19,-7,2019,17,0,0,0,1,1,292
49ers,10,3,6,7,0,26,Seahawks,0,0,7,14,0,21,201917,10,13,12,5,47,-5,2019,17,0,0,0,1,1,679
Saints,14,21,7,0,0,42,Panthers,0,3,7,0,0,10,201917,14,32,32,32,52,-32,2019,17,0,0,0,1,1,648
Vikings,3,10,7,0,6,26,Saints,3,7,0,10,0,20,201918,0,3,10,6,46,-6,2019,18,1,0,0,1,0,1052
Seahawks,3,7,7,0,0,17,Eagles,0,3,6,0,0,9,201918,3,7,8,8,26,-8,2019,18,1,0,0,1,0,2373
Bills,7,6,3,3,0,19,Texans,0,0,8,11,3,22,201918,-7,-13,-8,3,41,3,2019,18,1,0,0,1,0,1285
Titans,7,7,0,6,0,20,Patriots,3,10,0,0,0,13,201918,4,1,1,7,33,-7,2019,18,1,0,0,1,0,936
Vikings,7,3,0,0,0,10,49ers,7,7,10,3,0,27,201919,0,4,14,17,37,17,2019,19,1,0,1,1,0,1581
Titans,7,7,14,0,0,28,Ravens,0,6,0,6,0,12,201919,7,8,22,16,40,-16,2019,19,1,0,1,1,0,595
Texans,21,3,7,0,0,31,Chiefs,0,28,13,10,0,51,201919,-21,4,10,20,82,20,2019,19,1,0,1,1,0,646
Seahawks,3,0,14,6,0,23,Packers,7,14,7,0,0,28,201919,4,18,11,5,51,5,2019,19,1,0,1,1,0,1645
Titans,10,7,0,7,0,24,Chiefs,7,14,0,14,0,35,201920,-3,4,4,11,59,11,2019,20,1,0,0,1,0,471
Packers,0,0,7,13,0,20,49ers,7,20,7,3,0,37,201920,7,27,27,17,57,17,2019,20,1,0,0,1,0,1834
49ers,3,7,10,0,0,20,Chiefs,7,3,0,21,0,31,201922,4,0,-10,11,51,11,2019,22,1,1,1,0,0,1503
Steelers,3,13,0,10,0,26,Giants,3,7,0,6,0,16,202001,0,6,6,10,42,-10,2020,1,0,0,0,0,0,314
Cowboys,0,14,3,0,0,17,Rams,7,6,7,0,0,20,202001,7,-1,3,3,37,3,2020,1,0,0,0,1,0,1237
Cardinals,7,3,0,14,0,24,49ers,10,3,0,7,0,20,202001,-3,-3,-3,4,44,-4,2020,1,0,0,0,1,1,652
Buccaneers,7,0,10,6,0,23,Saints,0,17,7,10,0,34,202001,-7,10,7,11,57,11,2020,1,0,0,0,1,1,480
Chargers,0,6,0,10,0,16,Bengals,7,0,6,0,0,13,202001,-7,-1,-7,3,29,-3,2020,1,0,0,0,1,0,1895
Browns,6,0,0,0,0,6,Ravens,10,14,7,7,0,38,202001,4,18,25,32,44,32,2020,1,0,0,0,1,1,307
Colts,7,10,0,3,0,20,Jaguars,0,14,3,10,0,27,202001,-7,-3,0,7,47,7,2020,1,0,0,0,1,1,699
Titans,0,7,0,9,0,16,Broncos,7,0,0,7,0,14,202001,-7,0,0,2,30,-2,2020,1,0,0,0,1,0,1019
Eagles,10,7,0,0,0,17,Washington,0,7,7,13,0,27,202001,-10,-10,-3,10,44,10,2020,1,0,0,0,1,1,123
Dolphins,0,3,0,8,0,11,Patriots,0,7,7,7,0,21,202001,0,4,11,10,32,10,2020,1,0,0,0,1,1,1241
Packers,3,19,7,14,0,43,Vikings,7,3,0,24,0,34,202001,-4,12,19,9,77,-9,2020,1,0,0,0,1,1,259
Bears,3,3,0,21,0,27,Lions,3,10,10,0,0,23,202001,0,-7,-17,4,50,-4,2020,1,0,0,0,1,1,238
Jets,0,3,7,7,0,17,Bills,14,7,0,6,0,27,202001,14,18,11,10,44,10,2020,1,0,0,0,1,1,292
Seahawks,14,0,14,10,0,38,Falcons,3,9,0,13,0,25,202001,11,2,16,13,63,-13,2020,1,0,0,0,1,0,2178
Texans,7,0,0,13,0,20,Chiefs,0,17,7,10,0,34,202001,-7,10,17,14,54,14,2020,1,0,0,0,1,0,646
Raiders,7,10,10,7,0,34,Panthers,9,6,0,15,0,30,202001,-2,2,12,4,64,-4,2020,1,0,0,0,0,0,1915
Saints,10,7,0,7,0,24,Raiders,0,17,7,10,0,34,202002,-10,0,7,10,58,10,2020,2,0,0,0,0,0,1508
Patriots,7,7,3,13,0,30,Seahawks,7,7,14,7,0,35,202002,0,0,11,5,65,5,2020,2,0,0,0,0,0,2495
Ravens,3,17,3,10,0,33,Texans,0,10,0,6,0,16,202002,3,10,13,17,49,-17,2020,2,0,0,0,1,0,1250
Chiefs,0,6,3,11,3,23,Chargers,7,7,3,3,0,20,202002,-7,-8,-8,3,43,-3,2020,2,0,0,0,1,1,1354
Washington,0,0,3,12,0,15,Cardinals,14,6,0,10,0,30,202002,14,20,17,15,45,15,2020,2,0,0,0,1,0,1977
Panthers,0,0,7,10,0,17,Buccaneers,14,7,0,10,0,31,202002,14,21,14,14,48,14,2020,2,0,0,0,1,1,511
Broncos,0,3,11,7,0,21,Steelers,7,10,0,9,0,26,202002,7,14,3,5,47,5,2020,2,0,0,0,1,0,1317
Rams,14,7,3,13,0,37,Eagles,3,13,0,3,0,19,202002,11,5,8,18,56,-18,2020,2,0,0,0,1,0,2388
49ers,7,14,3,7,0,31,Jets,3,0,3,7,0,13,202002,4,18,18,18,44,-18,2020,2,0,0,0,0,0,2565
Vikings,3,0,0,8,0,11,Colts,0,15,3,10,0,28,202002,-3,12,15,17,39,17,2020,2,0,0,0,0,0,510
Jaguars,7,3,7,13,0,30,Titans,14,10,6,3,0,33,202002,7,14,13,3,63,3,2020,2,0,0,0,1,1,500
Lions,14,0,0,7,0,21,Packers,3,14,17,8,0,42,202002,-11,3,20,21,63,21,2020,2,0,0,0,1,1,291
Falcons,20,9,0,10,0,39,Cowboys,0,10,14,16,0,40,202002,-20,-19,-5,1,79,1,2020,2,0,0,0,1,0,719
Giants,0,0,3,10,0,13,Bears,10,7,0,0,0,17,202002,10,17,14,4,30,4,2020,2,0,0,0,1,0,711
Bengals,3,10,3,14,0,30,Browns,7,14,7,7,0,35,202002,4,8,12,5,65,5,2020,2,0,0,0,1,1,217
Bills,7,10,0,14,0,31,Dolphins,7,3,3,15,0,28,202002,0,7,4,3,59,-3,2020,2,0,0,0,1,1,1184
Jets,7,0,0,0,0,7,Colts,7,10,14,5,0,36,202003,0,10,24,29,43,29,2020,3,0,0,0,1,0,643
Packers,3,10,14,10,0,37,Saints,7,10,10,3,0,30,202003,-4,-4,0,7,67,-7,2020,3,0,0,0,1,0,1012
Cowboys,9,6,7,9,0,31,Seahawks,9,14,7,8,0,38,202003,0,8,8,7,69,7,2020,3,0,0,0,1,0,1679
Lions,3,14,3,6,0,26,Cardinals,7,6,10,0,0,23,202003,-4,4,-3,3,49,-3,2020,3,0,0,0,1,0,1687
Buccaneers,10,13,5,0,0,28,Broncos,0,10,0,0,0,10,202003,10,13,18,18,38,-18,2020,3,0,0,0,0,0,1521
Chiefs,6,21,0,7,0,34,Ravens,3,7,3,7,0,20,202003,3,17,14,14,54,-14,2020,3,0,0,0,1,0,960
Panthers,6,12,0,3,0,21,Chargers,0,7,3,6,0,16,202003,6,11,8,5,37,-5,2020,3,0,0,0,0,0,2115
Texans,7,14,0,0,0,21,Steelers,3,14,3,8,0,28,202003,-4,-4,-1,7,49,7,2020,3,0,0,0,1,0,1136
Titans,6,3,16,6,0,31,Vikings,7,10,7,6,0,30,202003,-1,-8,1,1,61,-1,2020,3,0,0,0,0,0,696
49ers,6,10,7,13,0,36,Giants,0,6,3,0,0,9,202003,6,10,14,27,45,-27,2020,3,0,0,0,1,0,2565
Raiders,3,7,0,10,0,20,Patriots,0,13,10,13,0,36,202003,-3,3,13,16,56,16,2020,3,0,0,0,1,0,2372
Washington,7,0,13,0,0,20,Browns,0,17,0,17,0,34,202003,-7,10,-3,14,54,14,2020,3,0,0,0,0,0,304
Rams,0,3,14,15,0,32,Bills,7,14,7,7,0,35,202003,7,18,11,3,67,3,2020,3,0,0,0,0,0,2193
Bears,3,7,0,20,0,30,Falcons,6,10,10,0,0,26,202003,-3,-6,-16,4,56,-4,2020,3,0,0,0,1,0,587
Dolphins,14,7,7,3,0,31,Jaguars,0,7,0,6,0,13,202003,14,14,21,18,44,-18,2020,3,0,0,0,1,0,327
Bengals,0,10,7,6,0,23,Eagles,0,13,3,7,0,23,202003,0,-3,1,0,46,0,2020,3,0,0,0,0,0,497
Falcons,0,3,6,7,0,16,Packers,7,13,7,3,0,30,202004,7,17,18,14,46,14,2020,4,0,0,0,1,0,768
Eagles,8,0,3,14,0,25,49ers,7,0,7,6,0,20,202004,1,1,-3,5,45,-5,2020,4,0,0,0,1,0,2516
Bills,7,10,0,13,0,30,Raiders,3,10,3,7,0,23,202004,4,4,1,7,53,-7,2020,4,0,0,0,1,0,1970
Colts,7,6,3,3,0,19,Bears,0,3,0,8,0,11,202004,7,10,13,8,30,-8,2020,4,0,0,0,0,0,163
Giants,0,6,0,3,0,9,Rams,7,3,0,7,0,17,202004,7,4,4,8,26,8,2020,4,0,0,0,1,0,2445
Vikings,7,10,7,7,0,31,Texans,0,6,10,7,0,23,202004,7,11,8,8,54,-8,2020,4,0,0,0,0,0,1057
Cardinals,0,7,7,7,0,21,Panthers,14,7,7,3,0,31,202004,14,14,14,10,52,10,2020,4,0,0,0,1,0,1778
Patriots,0,3,0,7,0,10,Chiefs,6,0,7,13,0,26,202004,6,3,10,16,36,16,2020,4,0,0,0,1,0,1249
Chargers,14,10,7,0,0,31,Buccaneers,7,7,14,10,0,38,202004,-7,-10,-3,7,69,7,2020,4,0,0,0,0,0,2149
Seahawks,10,7,0,14,0,31,Dolphins,3,6,3,11,0,23,202004,7,8,5,8,54,-8,2020,4,0,0,0,0,0,2730
Saints,7,21,7,0,0,35,Lions,14,0,7,8,0,29,202004,-7,14,14,6,64,-6,2020,4,0,0,0,1,0,939
Browns,7,24,10,8,0,49,Cowboys,14,0,0,24,0,38,202004,-7,17,27,11,87,-11,2020,4,0,0,0,0,0,1024
Jaguars,7,6,0,12,0,25,Bengals,3,7,17,6,0,33,202004,-4,-3,14,8,58,8,2020,4,0,0,0,1,0,630
Broncos,3,14,7,13,0,37,Jets,7,6,3,12,0,28,202004,-4,4,8,9,65,-9,2020,4,0,0,0,1,0,1627
Ravens,7,14,7,3,0,31,Washington,0,10,0,7,0,17,202004,7,11,18,14,48,-14,2020,4,0,0,0,0,0,35
Bills,7,3,0,6,0,16,Titans,7,14,7,14,0,42,202005,0,11,18,26,58,26,2020,5,0,0,1,1,0,626
Chargers,6,14,0,7,0,27,Saints,3,7,3,14,3,30,202005,-3,-10,-7,3,57,3,2020,5,0,0,0,0,0,1669
Vikings,7,6,6,7,0,26,Seahawks,0,0,21,6,0,27,202005,-7,-13,2,1,53,1,2020,5,0,0,0,1,0,1391
Giants,14,6,3,11,0,34,Cowboys,3,21,7,6,0,37,202005,-11,4,8,3,71,3,2020,5,0,0,0,1,1,1370
Colts,7,3,10,3,0,23,Browns,3,17,7,5,0,32,202005,-4,10,7,9,55,9,2020,5,0,0,0,1,0,262
Dolphins,14,16,7,6,0,43,49ers,0,7,10,0,0,17,202005,14,23,20,26,60,-26,2020,5,0,0,0,0,0,2590
Jaguars,0,7,0,7,0,14,Texans,0,10,3,17,0,30,202005,0,3,6,16,44,16,2020,5,0,0,0,1,1,820
Bengals,0,0,0,3,0,3,Ravens,10,7,3,7,0,27,202005,10,17,20,24,30,24,2020,5,0,0,0,1,1,419
Eagles,7,7,8,7,0,29,Steelers,7,10,14,7,0,38,202005,0,3,9,9,67,9,2020,5,0,0,1,0,0,257
Cardinals,7,10,7,6,0,30,Jets,0,3,7,0,0,10,202005,7,14,14,20,40,-20,2020,5,0,0,0,0,0,2139
Raiders,3,21,0,16,0,40,Chiefs,7,17,0,8,0,32,202005,-4,0,0,8,72,-8,2020,5,0,0,0,1,1,1140
Panthers,3,17,0,3,0,23,Falcons,7,0,3,6,0,16,202005,-4,13,10,7,39,-7,2020,5,0,0,0,1,1,226
Buccaneers,10,3,3,3,0,19,Bears,0,14,0,6,0,20,202005,-10,1,-2,1,39,1,2020,5,0,0,0,1,0,1004
Rams,6,14,3,7,0,30,Washington,7,3,0,0,0,10,202005,-1,10,13,20,40,-20,2020,5,0,0,0,1,0,2294
Cardinals,0,21,7,10,0,38,Cowboys,0,3,0,7,0,10,202006,0,18,25,28,48,-28,2020,6,0,0,0,1,0,884
Chiefs,7,6,7,6,0,26,Bills,3,7,0,7,0,17,202006,4,3,10,9,43,-9,2020,6,0,0,0,1,0,858
Rams,0,6,3,7,0,16,49ers,7,14,0,3,0,24,202006,7,15,12,8,40,8,2020,6,0,0,0,1,1,347
Packers,10,0,0,0,0,10,Buccaneers,0,28,10,0,0,38,202006,-10,18,28,28,48,28,2020,6,0,1,0,1,0,1185
Jets,0,0,0,0,0,0,Dolphins,7,14,3,0,0,24,202006,7,21,24,24,24,24,2020,6,0,0,0,1,1,1091
Bears,7,6,7,3,0,23,Panthers,3,3,0,10,0,16,202006,4,7,14,7,39,-7,2020,6,0,0,0,1,0,586
Lions,7,10,7,10,0,34,Jaguars,3,0,7,6,0,16,202006,4,14,14,18,50,-18,2020,6,0,1,0,0,0,832
Ravens,14,3,7,6,0,30,Eagles,0,0,6,22,0,28,202006,14,17,18,2,58,-2,2020,6,0,0,0,0,0,89
Washington,0,10,0,9,0,19,Giants,10,3,0,7,0,20,202006,10,3,3,1,39,1,2020,6,0,0,0,1,1,204
Broncos,6,6,6,0,0,18,Patriots,0,3,0,9,0,12,202006,6,9,15,6,30,-6,2020,6,0,1,1,1,0,1769
Falcons,10,10,10,10,0,40,Vikings,0,0,7,16,0,23,202006,10,20,23,17,63,-17,2020,6,0,0,0,1,0,908
Bengals,14,10,3,0,0,27,Colts,0,21,0,10,0,31,202006,-14,-3,-6,4,58,4,2020,6,0,0,0,1,0,99
Texans,0,10,13,13,0,36,Titans,14,7,0,15,6,42,202006,14,11,-2,6,78,6,2020,6,0,0,0,1,1,665
Browns,0,7,0,0,0,7,Steelers,10,14,7,7,0,38,202006,10,17,24,31,45,31,2020,6,0,0,0,1,1,114
Seahawks,10,17,0,7,0,34,Cardinals,7,10,7,10,3,37,202007,-3,-10,-3,3,71,3,2020,7,0,1,0,1,1,1114
Jaguars,0,14,15,0,0,29,Chargers,9,7,20,3,0,39,202007,9,2,7,10,68,10,2020,7,0,0,1,1,0,2143
49ers,7,16,7,3,0,33,Patriots,0,3,3,0,0,6,202007,7,20,24,27,39,-27,2020,7,0,0,0,0,0,2698
Chiefs,10,14,6,13,0,43,Broncos,6,3,0,7,0,16,202007,4,15,21,27,59,-27,2020,7,0,0,0,1,1,556
Buccaneers,7,14,3,21,0,45,Raiders,7,3,7,3,0,20,202007,0,11,7,25,65,-25,2020,7,0,0,1,0,0,1985
Packers,7,14,7,7,0,35,Texans,0,0,7,13,0,20,202007,7,21,21,15,55,-15,2020,7,0,0,0,0,0,1095
Bears,0,3,0,7,0,10,Rams,7,3,14,0,0,24,202007,7,7,21,14,34,14,2020,7,0,0,0,1,0,1741
Bills,0,6,6,6,0,18,Jets,3,7,0,0,0,10,202007,-3,-4,2,8,28,-8,2020,7,0,0,0,1,1,292
Panthers,3,14,7,0,0,24,Saints,7,14,3,3,0,27,202007,4,4,0,3,51,3,2020,7,0,0,1,1,1,648
Steelers,7,17,3,0,0,27,Titans,0,7,10,7,0,24,202007,7,17,10,3,51,-3,2020,7,0,0,0,1,0,471
Browns,3,7,7,20,0,37,Bengals,7,10,3,14,0,34,202007,-4,-7,-3,3,71,-3,2020,7,0,0,0,1,1,217
Lions,7,3,3,10,0,23,Falcons,0,14,0,8,0,22,202007,7,-4,-1,1,45,-1,2020,7,0,0,0,1,0,597
Giants,7,0,7,7,0,21,Eagles,7,3,0,12,0,22,202007,0,3,-4,1,43,1,2020,7,0,0,0,1,1,80
Cowboys,3,0,0,0,0,3,Washington,9,13,0,3,0,25,202007,6,19,19,22,28,22,2020,7,0,0,0,1,1,1181
Buccaneers,3,3,9,10,0,25,Giants,7,7,3,6,0,23,202008,-4,-8,-2,2,48,-2,2020,8,0,0,0,1,0,1004
Cowboys,3,6,0,0,0,9,Eagles,7,0,8,8,0,23,202008,4,-2,6,14,32,14,2020,8,0,0,0,1,1,1297
49ers,0,7,0,20,0,27,Seahawks,6,7,14,10,0,37,202008,6,6,20,10,64,10,2020,8,0,0,0,1,1,679
Saints,3,7,6,7,3,26,Bears,3,10,0,10,0,23,202008,0,-3,3,3,49,-3,2020,8,0,0,0,1,0,832
Chargers,0,14,10,6,0,30,Broncos,3,0,7,21,0,31,202008,3,-11,-14,1,61,1,2020,8,0,0,0,1,1,830
Steelers,7,0,14,7,0,28,Ravens,7,10,0,7,0,24,202008,0,-10,4,4,52,-4,2020,8,0,0,1,1,1,196
Rams,7,3,0,7,0,17,Dolphins,7,21,0,0,0,28,202008,0,18,18,11,45,11,2020,8,0,0,1,0,0,2335
Jets,3,6,0,0,0,9,Chiefs,14,7,7,7,0,35,202008,11,12,19,26,44,26,2020,8,0,0,0,1,0,1093
Colts,0,20,0,21,0,41,Lions,7,0,7,7,0,21,202008,-7,13,6,20,62,-20,2020,8,0,1,0,0,0,240
Raiders,0,6,0,10,0,16,Browns,0,3,3,0,0,6,202008,0,3,0,10,22,-10,2020,8,0,0,0,1,0,1825
Titans,0,7,0,13,0,20,Bengals,3,14,0,14,0,31,202008,3,10,10,11,51,11,2020,8,0,0,0,1,0,243
Patriots,0,6,8,7,0,21,Bills,7,0,7,10,0,24,202008,7,1,0,3,45,3,2020,8,0,0,0,1,1,404
Falcons,6,10,3,6,0,25,Panthers,7,7,3,0,0,17,202008,-1,2,2,8,42,-8,2020,8,0,0,0,1,1,226
Vikings,7,7,14,0,0,28,Packers,7,7,0,8,0,22,202008,0,0,14,6,50,-6,2020,8,0,1,0,1,1,259
Texans,10,10,7,0,0,27,Jaguars,7,9,3,6,0,25,202009,3,4,8,2,52,-2,2020,9,0,1,1,1,1,820
Patriots,7,3,7,13,0,30,Jets,3,17,7,0,0,27,202009,4,-10,-10,3,57,-3,2020,9,0,0,0,1,1,181
Saints,14,17,0,7,0,38,Buccaneers,0,0,0,3,0,3,202009,14,31,31,35,41,-35,2020,9,0,0,0,1,1,480
Dolphins,14,10,0,10,0,34,Cardinals,7,10,14,0,0,31,202009,7,7,-7,3,65,-3,2020,9,0,0,1,0,0,1978
Steelers,0,9,0,15,0,24,Cowboys,3,10,6,0,0,19,202009,-3,-4,-10,5,43,-5,2020,9,0,0,0,0,0,1069
Raiders,7,7,14,3,0,31,Chargers,0,17,3,6,0,26,202009,7,-3,8,5,57,-5,2020,9,0,0,0,1,1,228
Giants,10,10,3,0,0,23,Washington,0,3,7,10,0,20,202009,10,17,13,3,43,-3,2020,9,0,0,1,1,1,204
Lions,0,10,0,10,0,20,Vikings,13,7,7,7,0,34,202009,13,10,17,14,54,14,2020,9,0,0,0,1,1,542
Panthers,7,10,0,14,0,31,Chiefs,3,10,7,13,0,33,202009,-4,-4,3,2,64,2,2020,9,0,0,0,0,0,801
Ravens,7,0,7,10,0,24,Colts,7,3,0,0,0,10,202009,0,-3,4,14,34,-14,2020,9,0,0,0,1,0,509
Bears,0,0,0,17,0,17,Titans,3,7,7,7,0,24,202009,3,10,17,7,41,7,2020,9,0,0,0,0,0,395
Seahawks,0,10,10,14,0,34,Bills,14,10,3,17,0,44,202009,14,14,7,10,78,10,2020,9,0,0,0,0,0,2110
Broncos,0,3,3,21,0,27,Falcons,10,10,7,7,0,34,202009,10,17,21,7,61,7,2020,9,0,0,0,0,0,1209
Packers,7,14,10,3,0,34,49ers,3,0,0,14,0,17,202009,4,18,28,17,51,-17,2020,9,0,0,0,1,0,1834
Vikings,7,0,6,6,0,19,Bears,3,3,7,0,0,13,202010,4,1,0,6,32,-6,2020,10,0,0,0,1,1,355
Ravens,0,10,7,0,0,17,Patriots,0,13,10,0,0,23,202010,0,3,6,6,40,6,2020,10,0,0,0,1,0,350
Bengals,0,7,0,3,0,10,Steelers,12,10,7,7,0,36,202010,12,15,22,26,46,26,2020,10,0,1,0,1,1,252
49ers,7,3,0,3,0,13,Saints,0,17,0,10,0,27,202010,-7,7,7,14,40,14,2020,10,0,0,0,1,0,1921
Seahawks,7,6,0,3,0,16,Rams,10,7,6,0,0,23,202010,3,4,10,7,39,7,2020,10,0,0,1,1,1,960
Bills,7,9,7,7,0,30,Cardinals,3,6,17,6,0,32,202010,-4,-7,3,2,62,2,2020,10,0,0,0,0,0,1902
Chargers,0,7,7,7,0,21,Dolphins,14,3,3,9,0,29,202010,14,10,6,8,50,8,2020,10,0,0,0,1,0,2335
Buccaneers,7,10,12,17,0,46,Panthers,14,3,0,6,0,23,202010,-7,0,12,23,69,-23,2020,10,0,0,0,1,1,511
Eagles,3,0,14,0,0,17,Giants,7,7,7,6,0,27,202010,4,11,4,10,44,10,2020,10,0,1,0,1,1,80
Jaguars,3,7,7,3,0,20,Packers,0,17,0,7,0,24,202010,-3,7,0,4,44,4,2020,10,0,0,0,0,0,1039
Washington,3,0,7,17,0,27,Lions,7,10,7,6,0,30,202010,4,14,14,3,57,3,2020,10,0,0,0,1,0,394
Texans,0,0,0,7,0,7,Browns,3,0,0,7,0,10,202010,3,3,3,3,17,3,2020,10,0,0,1,1,0,1113
Colts,3,10,14,7,0,34,Titans,7,10,0,0,0,17,202010,-4,-4,10,17,51,-17,2020,10,0,0,0,1,1,251
Broncos,3,3,0,6,0,12,Raiders,7,3,10,17,0,37,202010,4,4,14,25,49,25,2020,10,0,0,0,1,1,604
Dolphins,7,3,0,3,0,13,Broncos,7,6,7,0,0,20,202011,0,3,10,7,33,7,2020,11,0,0,0,1,0,1724
Rams,7,10,7,3,0,27,Buccaneers,0,14,3,7,0,24,202011,7,3,7,3,51,-3,2020,11,0,0,0,1,0,2149
Chiefs,7,7,7,14,0,35,Raiders,14,3,0,14,0,31,202011,-7,-3,4,4,66,-4,2020,11,0,1,0,1,1,1140
Cowboys,6,10,0,15,0,31,Vikings,7,0,7,14,0,28,202011,-1,9,2,3,59,-3,2020,11,0,1,0,1,0,863
Packers,7,21,0,3,0,31,Colts,7,7,11,6,3,34,202011,0,-14,-3,3,65,3,2020,11,0,0,0,0,0,341
Jets,6,0,13,9,0,28,Chargers,7,17,7,3,0,34,202011,1,18,12,6,62,6,2020,11,0,1,0,1,0,2445
Patriots,7,3,7,3,0,20,Texans,7,14,3,3,0,27,202011,0,11,7,7,47,7,2020,11,0,0,0,1,0,1597
Cardinals,0,7,7,7,0,21,Seahawks,7,9,7,5,0,28,202011,7,9,9,7,49,7,2020,11,0,0,0,1,1,1114
Steelers,0,17,0,10,0,27,Jaguars,3,0,0,0,0,3,202011,-3,14,14,24,30,-24,2020,11,0,0,0,1,0,704
Lions,0,0,0,0,0,0,Panthers,7,0,10,3,0,20,202011,7,7,17,20,20,20,2020,11,0,0,0,1,0,504
Bengals,0,9,0,0,0,9,Washington,7,0,10,3,0,20,202011,7,-2,8,11,29,11,2020,11,0,0,0,0,0,398
Falcons,3,6,0,0,0,9,Saints,3,7,7,7,0,24,202011,0,1,8,15,33,15,2020,11,0,1,0,1,1,424
Eagles,0,0,7,10,0,17,Browns,0,7,5,10,0,22,202011,0,7,5,5,39,5,2020,11,0,0,0,0,0,358
Titans,7,3,3,11,6,30,Ravens,3,11,7,3,0,24,202011,4,-4,-8,6,54,-6,2020,11,0,0,0,1,0,595
Browns,7,10,3,7,0,27,Jaguars,3,10,6,6,0,25,202012,4,4,1,2,52,-2,2020,12,0,0,0,1,0,771
Seahawks,0,14,3,6,0,23,Eagles,0,6,3,8,0,17,202012,0,8,8,6,40,-6,2020,12,0,0,0,1,0,2373
Bears,3,7,0,15,0,25,Packers,6,21,14,0,0,41,202012,3,17,31,16,66,16,2020,12,0,1,0,1,1,185
Chiefs,17,3,7,0,0,27,Buccaneers,0,7,3,14,0,24,202012,17,13,17,3,51,-3,2020,12,0,0,0,0,0,1037
49ers,7,0,10,6,0,23,Rams,3,0,10,7,0,20,202012,4,4,4,3,43,-3,2020,12,0,1,0,1,1,347
Saints,0,17,7,7,0,31,Broncos,0,0,3,0,0,3,202012,0,17,21,28,34,-28,2020,12,0,0,0,0,0,1079
Dolphins,3,10,0,7,0,20,Jets,3,0,0,0,0,3,202012,0,10,10,17,23,-17,2020,12,0,0,0,1,1,1091
Ravens,7,0,0,7,0,14,Steelers,6,6,0,7,0,19,202012,-1,5,5,5,33,5,2020,12,0,0,0,1,1,196
Panthers,0,7,14,6,0,27,Vikings,7,3,0,18,0,28,202012,7,3,-11,1,55,1,2020,12,0,0,0,1,0,938
Titans,14,21,3,7,0,45,Colts,7,7,0,12,0,26,202012,7,21,24,19,71,-19,2020,12,0,0,0,1,1,251
Giants,7,3,3,6,0,19,Bengals,7,3,0,7,0,17,202012,0,0,3,2,36,-2,2020,12,0,1,0,0,0,563
Chargers,6,0,8,3,0,17,Bills,7,10,7,3,0,27,202012,1,11,10,10,44,10,2020,12,0,0,1,1,0,2193
Raiders,0,3,3,0,0,6,Falcons,6,10,14,13,0,43,202012,6,13,24,37,49,37,2020,12,0,0,0,0,0,1741
Washington,7,10,3,21,0,41,Cowboys,3,10,3,0,0,16,202012,4,4,4,25,57,-25,2020,12,0,0,0,1,1,1181
Texans,13,10,3,15,0,41,Lions,7,7,3,8,0,25,202012,6,9,9,16,66,-16,2020,12,0,0,0,0,0,1105
Cardinals,10,0,0,7,0,17,Patriots,0,7,10,3,0,20,202012,-10,-3,7,3,37,3,2020,12,0,0,0,0,0,2296
Bills,0,17,10,7,0,34,49ers,7,0,10,7,0,24,202013,-7,10,10,10,58,-10,2020,13,0,0,0,0,0,2294
Washington,0,3,7,13,0,23,Steelers,0,14,0,3,0,17,202013,0,-11,-4,6,40,-6,2020,13,0,0,0,0,0,190
Broncos,3,7,6,0,0,16,Chiefs,3,6,10,3,0,22,202013,0,-1,3,6,38,6,2020,13,0,0,0,1,1,556
Patriots,7,21,7,10,0,45,Chargers,0,0,0,0,0,0,202013,7,28,35,45,45,-45,2020,13,0,0,0,1,0,2594
Eagles,3,0,0,13,0,16,Packers,0,14,6,10,0,30,202013,-3,11,17,14,46,14,2020,13,0,0,0,1,0,728
Giants,0,0,14,3,0,17,Seahawks,3,2,0,7,0,12,202013,-3,-5,9,5,29,-5,2020,13,0,0,0,1,0,2401
Rams,0,14,3,21,0,38,Cardinals,7,0,7,14,0,28,202013,-7,7,3,10,66,-10,2020,13,0,0,0,1,1,356
Cowboys,3,7,0,7,0,17,Ravens,7,10,7,10,0,34,202013,4,7,14,17,51,17,2020,13,0,0,0,0,0,1210
Raiders,7,10,7,7,0,31,Jets,7,6,0,15,0,28,202013,0,4,11,3,59,-3,2020,13,0,0,0,1,0,2227
Jaguars,9,0,7,8,0,24,Vikings,0,6,13,5,3,27,202013,-9,-3,3,3,51,3,2020,13,0,0,0,0,0,1192
Bengals,7,0,0,0,0,7,Dolphins,0,6,10,3,0,19,202013,-7,-1,9,12,26,12,2020,13,0,0,0,1,0,957
Browns,10,28,3,0,0,41,Titans,0,7,14,14,0,35,202013,10,31,20,6,76,-6,2020,13,0,0,0,1,0,458
Lions,6,7,7,14,0,34,Bears,9,14,0,7,0,30,202013,-3,-10,-3,4,64,-4,2020,13,0,0,0,1,1,238
Saints,7,7,7,0,0,21,Falcons,3,6,0,7,0,16,202013,4,5,12,5,37,-5,2020,13,0,0,0,1,1,424
Colts,14,10,0,2,0,26,Texans,10,10,0,0,0,20,202013,4,4,4,6,46,-6,2020,13,0,0,0,1,1,865
Ravens,7,14,13,13,0,47,Browns,7,7,6,22,0,42,202014,0,7,14,5,89,-5,2020,14,0,0,0,1,1,307
Steelers,0,7,0,8,0,15,Bills,0,9,14,3,0,26,202014,0,2,16,11,41,11,2020,14,0,0,0,1,0,178
Washington,0,13,10,0,0,23,49ers,7,0,0,8,0,15,202014,-7,6,16,8,38,-8,2020,14,0,0,0,1,0,2435
Falcons,7,10,0,0,0,17,Chargers,7,3,7,3,0,20,202014,0,-7,0,3,37,3,2020,14,0,0,0,0,0,1932
Saints,0,0,14,7,0,21,Eagles,0,17,0,7,0,24,202014,0,17,3,3,45,3,2020,14,0,0,0,1,0,1088
Packers,7,7,7,10,0,31,Lions,7,7,0,10,0,24,202014,0,0,7,7,55,-7,2020,14,0,0,0,1,1,291
Jets,3,0,0,0,0,3,Seahawks,7,16,14,3,0,40,202014,4,20,34,37,43,37,2020,14,0,0,0,0,0,2401
Colts,10,10,7,17,0,44,Raiders,7,7,6,7,0,27,202014,3,6,7,17,71,-17,2020,14,0,0,0,1,0,1590
Titans,7,10,14,0,0,31,Jaguars,0,3,7,0,0,10,202014,7,14,21,21,41,-21,2020,14,0,0,0,1,1,500
Vikings,0,6,8,0,0,14,Buccaneers,0,17,6,3,0,26,202014,0,11,9,12,40,12,2020,14,0,0,1,1,0,1318
Cardinals,3,10,7,6,0,26,Giants,0,0,7,0,0,7,202014,3,13,13,19,33,-19,2020,14,0,0,0,1,0,2139
Chiefs,0,14,16,3,0,33,Dolphins,7,3,0,17,0,27,202014,-7,4,20,6,60,-6,2020,14,0,0,0,1,0,1242
Cowboys,10,7,3,10,0,30,Bengals,0,7,0,0,0,7,202014,10,10,13,23,37,-23,2020,14,0,0,0,0,0,817
Texans,0,7,0,0,0,7,Bears,7,23,3,3,0,36,202014,7,23,26,29,43,29,2020,14,0,0,0,0,0,939
Patriots,0,3,0,0,0,3,Rams,10,7,7,0,0,24,202014,10,14,21,21,27,21,2020,14,0,0,0,0,0,2594
Broncos,6,7,12,7,0,32,Panthers,0,7,3,17,0,27,202014,6,6,15,5,59,-5,2020,14,0,0,1,0,0,1355
Seahawks,3,10,7,0,0,20,Washington,0,3,0,12,0,15,202015,3,10,17,5,35,-5,2020,15,0,0,0,1,0,2322
Browns,0,13,0,7,0,20,Giants,3,0,0,3,0,6,202015,-3,10,10,14,26,-14,2020,15,0,0,0,0,0,403
Chiefs,7,7,7,11,0,32,Saints,0,9,6,14,0,29,202015,7,5,6,3,61,-3,2020,15,0,0,0,0,0,681
Eagles,0,20,6,0,0,26,Cardinals,16,10,0,7,0,33,202015,16,6,0,7,59,7,2020,15,0,0,0,1,0,2078
Jets,7,6,10,0,0,23,Rams,0,3,7,10,0,20,202015,7,10,13,3,43,-3,2020,15,0,0,0,0,0,2445
Steelers,0,0,10,7,0,17,Bengals,3,14,0,10,0,27,202015,3,17,7,10,44,10,2020,15,0,0,0,1,1,252
Bears,10,10,7,6,0,33,Vikings,7,3,10,7,0,27,202015,3,10,7,6,60,-6,2020,15,0,0,0,1,1,355
Jaguars,0,0,7,7,0,14,Ravens,9,17,7,7,0,40,202015,9,26,26,26,54,26,2020,15,0,0,0,1,0,681
Texans,0,10,3,7,0,20,Colts,14,0,3,10,0,27,202015,14,4,4,7,47,7,2020,15,0,0,0,1,1,865
Lions,7,8,3,7,0,25,Titans,14,10,0,22,0,46,202015,7,9,6,21,71,21,2020,15,0,0,0,0,0,470
49ers,7,7,10,9,0,33,Cowboys,14,3,7,17,0,41,202015,7,3,0,8,74,8,2020,15,0,0,0,1,0,1480
Buccaneers,0,0,21,10,0,31,Falcons,7,10,7,3,0,27,202015,-7,-17,-3,4,58,-4,2020,15,0,0,0,1,1,416
Panthers,3,0,7,6,0,16,Packers,7,14,0,3,0,24,202015,4,18,11,8,40,8,2020,15,0,0,0,1,0,745
Bills,7,14,17,10,0,48,Broncos,0,13,0,6,0,19,202015,7,8,25,29,67,-29,2020,15,0,0,0,1,0,1366
Chargers,7,10,7,0,6,30,Raiders,3,7,7,7,3,27,202015,4,7,7,3,57,-3,2020,15,0,0,0,1,1,228
Patriots,0,6,3,3,0,12,Dolphins,0,0,7,15,0,22,202015,0,-6,-2,10,34,10,2020,15,0,0,0,1,1,1241
Bills,3,21,7,7,0,38,Patriots,3,6,0,0,0,9,202016,0,15,22,29,47,-29,2020,16,0,0,0,1,1,404
Titans,0,7,7,0,0,14,Packers,6,13,14,7,0,40,202016,6,12,19,26,54,26,2020,16,0,0,0,0,0,580
Rams,3,3,0,3,0,9,Seahawks,0,6,7,7,0,20,202016,-3,0,7,11,29,11,2020,16,0,0,0,1,1,960
Eagles,14,3,0,0,0,17,Cowboys,3,17,10,7,0,37,202016,-11,3,13,20,54,20,2020,16,0,0,0,1,1,1297
Panthers,6,14,0,0,0,20,Washington,0,3,3,7,0,13,202016,6,17,14,7,33,-7,2020,16,0,0,0,1,0,329
Broncos,0,0,3,13,0,16,Chargers,3,10,0,6,0,19,202016,3,13,10,3,35,3,2020,16,0,0,0,1,1,830
Bengals,7,3,14,13,0,37,Texans,3,7,14,7,0,31,202016,4,0,0,6,68,-6,2020,16,0,0,0,1,0,897
Giants,0,3,3,7,0,13,Ravens,14,6,0,7,0,27,202016,14,17,14,14,40,14,2020,16,0,0,0,0,0,169
Bears,7,6,21,7,0,41,Jaguars,3,7,0,7,0,17,202016,4,3,24,24,58,-24,2020,16,0,0,0,0,0,862
Colts,7,14,3,0,0,24,Steelers,0,7,7,14,0,28,202016,-7,-14,-10,4,52,4,2020,16,0,0,0,1,0,328
Browns,3,0,7,6,0,16,Jets,7,6,7,3,0,23,202016,4,10,10,7,39,7,2020,16,0,0,0,1,0,403
Falcons,0,7,0,7,0,14,Chiefs,0,7,0,10,0,17,202016,0,0,0,3,31,3,2020,16,0,0,0,0,0,675
Dolphins,3,3,7,13,0,26,Raiders,7,6,3,9,0,25,202016,-4,-7,-3,1,51,-1,2020,16,0,0,0,1,0,2177
49ers,7,0,7,6,0,20,Cardinals,3,3,0,6,0,12,202016,4,1,8,8,32,-8,2020,16,0,0,0,1,1,652
Buccaneers,13,21,13,0,0,47,Lions,0,0,7,0,0,7,202016,13,34,40,40,54,-40,2020,16,0,0,0,1,0,994
Vikings,7,7,13,6,0,33,Saints,14,10,7,21,0,52,202016,7,10,4,19,85,19,2020,16,0,0,0,1,0,1052
Titans,3,14,14,10,0,41,Texans,3,6,19,10,0,38,202017,0,8,3,3,79,-3,2020,17,0,0,0,1,1,665
Saints,7,9,10,7,0,33,Panthers,7,0,0,0,0,7,202017,0,9,19,26,40,-26,2020,17,0,0,0,1,1,648
Washington,10,7,0,3,0,20,Eagles,0,14,0,0,0,14,202017,10,3,3,6,34,-6,2020,17,0,0,0,1,1,123
Seahawks,3,3,0,20,0,26,49ers,0,3,6,14,0,23,202017,3,3,-3,3,49,-3,2020,17,0,0,0,1,1,679
Cardinals,7,0,0,0,0,7,Rams,0,12,3,3,0,18,202017,-7,5,8,11,25,11,2020,17,0,0,0,1,1,356
Chargers,7,17,7,7,0,38,Chiefs,7,7,0,7,0,21,202017,0,10,17,17,59,-17,2020,17,0,0,0,1,1,1354
Jaguars,0,7,7,0,0,14,Colts,10,10,0,8,0,28,202017,10,13,6,14,42,14,2020,17,0,0,0,1,1,699
Raiders,3,14,0,15,0,32,Broncos,10,0,6,15,0,31,202017,-7,7,1,1,63,-1,2020,17,0,0,0,1,1,604
Steelers,0,6,3,13,0,22,Browns,7,3,7,7,0,24,202017,7,4,8,2,46,2,2020,17,0,0,0,1,1,114
Falcons,3,7,10,7,0,27,Buccaneers,10,13,0,21,0,44,202017,7,13,3,17,71,17,2020,17,0,0,0,1,1,416
Cowboys,3,6,7,3,0,19,Giants,6,14,0,3,0,23,202017,3,11,4,4,42,4,2020,17,0,0,0,1,1,1370
Jets,0,7,7,0,0,14,Patriots,7,0,7,14,0,28,202017,7,0,0,14,42,14,2020,17,0,0,0,1,1,181
Vikings,7,14,10,6,0,37,Lions,6,10,13,6,0,35,202017,1,5,2,2,72,-2,2020,17,0,0,0,1,1,542
Ravens,10,7,21,0,0,38,Bengals,0,3,0,0,0,3,202017,10,14,35,35,41,-35,2020,17,0,0,0,1,1,419
Dolphins,3,3,7,13,0,26,Bills,0,28,7,21,0,56,202017,-3,22,22,30,82,30,2020,17,0,0,0,1,1,1184
Packers,0,21,0,14,0,35,Bears,7,6,3,0,0,16,202017,-7,8,5,19,51,-19,2020,17,0,0,0,1,1,185
Browns,28,7,0,13,0,48,Steelers,0,10,13,14,0,37,202018,28,25,12,11,85,-11,2020,18,1,0,0,1,1,114
Bears,0,3,0,6,0,9,Saints,7,0,7,7,0,21,202018,7,4,11,12,30,12,2020,18,1,0,0,1,0,832
Ravens,0,10,7,3,0,20,Titans,10,0,0,3,0,13,202018,-10,0,7,7,33,-7,2020,18,1,0,0,1,0,595
Buccaneers,9,9,0,13,0,31,Washington,0,7,9,7,0,23,202018,9,11,2,8,54,-8,2020,18,1,0,0,1,0,818
Colts,3,7,0,14,0,24,Bills,7,7,3,10,0,27,202018,4,4,7,3,51,3,2020,18,1,0,0,1,0,434
Rams,3,17,0,10,0,30,Seahawks,0,10,3,7,0,20,202018,3,10,7,10,50,-10,2020,18,1,0,0,1,1,960
Rams,3,7,8,0,0,18,Packers,3,16,6,7,0,32,202019,0,9,7,14,50,14,2020,19,1,0,1,1,0,1757
Ravens,0,3,0,0,0,3,Bills,3,0,14,0,0,17,202019,3,0,14,14,20,14,2020,19,1,0,0,1,0,275
Browns,3,0,7,7,0,17,Chiefs,6,13,3,0,0,22,202019,3,16,12,5,39,5,2020,19,1,0,1,1,0,698
Buccaneers,0,13,7,10,0,30,Saints,6,7,7,0,0,20,202019,-6,0,0,10,50,-10,2020,19,1,0,0,1,1,480
Bills,9,3,3,9,0,24,Chiefs,0,21,10,7,0,38,202020,-9,9,16,14,62,14,2020,20,1,0,0,1,0,858
Buccaneers,7,14,7,3,0,31,Packers,0,10,13,3,0,26,202020,7,11,5,5,57,-5,2020,20,1,0,0,1,0,1185
Chiefs,3,3,3,0,0,9,Buccaneers,7,14,10,0,0,31,202022,4,15,22,22,40,22,2020,22,1,1,1,0,0,1037
